maxIter:3
level-Grob:8
level-Fine:5
Time: 4.09508
DefTol: 1e-08
H0-Error: 6.868269e-06
H1-Error: 8.068795e-03
memtype: cuda
prec: mixprec
