maxIter:16
level-Grob:7
level-Fine:1
Time: 0.084643
DefTol: 1e-06
H0-Error: 2.746078e-05
H1-Error: 1.613732e-02
memtype: main
prec: mixprec
