maxIter:7
level-Grob:8
level-Fine:7
Time: 11.3991
DefTol: 1e-05
H0-Error: 1.192853e-05
H1-Error: 8.068834e-03
memtype: cuda
prec: mixprec
