maxIter:1
level-Grob:10
level-Fine:8
Total time: 3580.32
DefTol: 1e-08
H0-Error: 6.084035e-07
H1-Error: 2.017209e-03
memtype: main
prec: mixprec
