maxIter:5
level-Grob:9
level-Fine:7
Total time: 3.17924
DefTol: 1e-05
H0-Error: 6.803993e-06
H1-Error: 4.034484e-03
memtype: cuda
prec: mixprec
