maxIter:7
level-Grob:9
level-Fine:4
Total time: 0.536139
DefTol: 1e-05
H0-Error: 1.717945e-06
H1-Error: 4.034414e-03
memtype: main
prec: mixprec
