maxIter:11
level-Grob:10
level-Fine:4
Total time: 0.363558
DefTol: 1e-05
H0-Error: 4.302689e-07
H1-Error: 2.017209e-03
memtype: cuda
prec: mixprec
