maxIter:11
level-Grob:10
level-Fine:6
Time: 38.2218
DefTol: 1e-05
H0-Error: 1.014805e-06
H1-Error: 2.017212e-03
memtype: cuda
prec: mixprec
