maxIter:5
level-Grob:6
level-Fine:5
Total time: 0.039956
DefTol: 1e-07
H0-Error: 1.098434e-04
H1-Error: 3.227246e-02
memtype: main
prec: mixprec
