maxIter:4
level-Grob:10
level-Fine:6
Total time: 57.5382
DefTol: 1e-05
H0-Error: 5.099718e-06
H1-Error: 2.017323e-03
memtype: main
prec: mixprec
