maxIter:4
level-Grob:9
level-Fine:4
Time: 7.92329
DefTol: 1e-07
H0-Error: 1.719028e-06
H1-Error: 4.034414e-03
memtype: main
prec: mixprec
