maxIter:16
level-Grob:10
level-Fine:5
Time: 11.9366
DefTol: 1e-06
H0-Error: 4.296085e-07
H1-Error: 2.017209e-03
memtype: cuda
prec: mixprec
