maxIter:10
level-Grob:8
level-Fine:6
Time: 8.46918
DefTol: 1e-07
H0-Error: 6.876921e-06
H1-Error: 8.068795e-03
memtype: main
prec: mixprec
