maxIter:4
level-Grob:9
level-Fine:4
Time: 5.14001
DefTol: 1e-05
H0-Error: 2.548025e-06
H1-Error: 4.034418e-03
memtype: main
prec: mixprec
