maxIter:2
level-Grob:8
level-Fine:5
Total time: 0.306748
DefTol: 1e-05
H0-Error: 1.002753e-05
H1-Error: 8.068811e-03
memtype: cuda
prec: mixprec
