maxIter:1
level-Grob:10
level-Fine:5
Total time: 7.55832
DefTol: 1e-07
H0-Error: 4.656313e-07
H1-Error: 2.017209e-03
memtype: cuda
prec: mixprec
