maxIter:5
level-Grob:8
level-Fine:6
Time: 5.94236
DefTol: 1e-06
H0-Error: 7.105703e-06
H1-Error: 8.068795e-03
memtype: cuda
prec: mixprec
