maxIter:12
level-Grob:3
level-Fine:1
Time: 0.066318
DefTol: 1e-06
H0-Error: 6.962309e-03
H1-Error: 2.567055e-01
memtype: cuda
prec: mixprec
