maxIter:2
level-Grob:9
level-Fine:8
Time: 1200.49
DefTol: 1e-08
H0-Error: 1.753785e-06
H1-Error: 4.034414e-03
memtype: cuda
prec: mixprec
