maxIter:2
level-Grob:9
level-Fine:5
Total time: 0.791989
DefTol: 1e-05
H0-Error: 4.044397e-06
H1-Error: 4.034430e-03
memtype: cuda
prec: mixprec
