maxIter:2
level-Grob:8
level-Fine:7
Time: 169.552
DefTol: 1e-07
H0-Error: 7.050972e-06
H1-Error: 8.068795e-03
memtype: main
prec: mixprec
