maxIter:17
level-Grob:9
level-Fine:5
Total time: 1.74701
DefTol: 1e-08
H0-Error: 1.716365e-06
H1-Error: 4.034414e-03
memtype: main
prec: mixprec
