maxIter:12
level-Grob:11
level-Fine:2
Total time: 13.7845
DefTol: 1e-06
H0-Error: 1.073085e-07
H1-Error: 1.008605e-03
memtype: main
prec: mixprec
