maxIter:1
level-Grob:8
level-Fine:6
Total time: 2.36187
DefTol: 1e-06
H0-Error: 9.282959e-06
H1-Error: 8.068804e-03
memtype: cuda
prec: mixprec
