maxIter:9
level-Grob:10
level-Fine:6
Time: 146.334
DefTol: 1e-05
H0-Error: 2.470090e-06
H1-Error: 2.017238e-03
memtype: main
prec: mixprec
