maxIter:1
level-Grob:10
level-Fine:2
Total time: 2.19306
DefTol: 1e-06
H0-Error: 4.341444e-07
H1-Error: 2.017209e-03
memtype: main
prec: mixprec
