maxIter:15
level-Grob:10
level-Fine:6
Time: 79.5217
DefTol: 1e-05
H0-Error: 6.013946e-07
H1-Error: 2.017210e-03
memtype: main
prec: mixprec
