maxIter:6
level-Grob:9
level-Fine:5
Time: 14.0145
DefTol: 1e-05
H0-Error: 2.477302e-06
H1-Error: 4.034417e-03
memtype: main
prec: mixprec
