maxIter:11
level-Grob:9
level-Fine:5
Total time: 1.17536
DefTol: 1e-05
H0-Error: 1.735376e-06
H1-Error: 4.034414e-03
memtype: main
prec: mixprec
