maxIter:8
level-Grob:8
level-Fine:4
Time: 0.687277
DefTol: 1e-05
H0-Error: 6.863680e-06
H1-Error: 8.068795e-03
memtype: main
prec: mixprec
