maxIter:6
level-Grob:7
level-Fine:4
Time: 0.561126
DefTol: 1e-06
H0-Error: 2.745853e-05
H1-Error: 1.613732e-02
memtype: cuda
prec: mixprec
