maxIter:1
level-Grob:11
level-Fine:1
Total time: 0.731524
DefTol: 1e-06
H0-Error: 1.074867e-07
H1-Error: 1.008605e-03
memtype: cuda
prec: mixprec
