maxIter:9
level-Grob:11
level-Fine:2
Total time: 0.903282
DefTol: 1e-05
H0-Error: 1.140014e-07
H1-Error: 1.008605e-03
memtype: cuda
prec: mixprec
