maxIter:5
level-Grob:8
level-Fine:4
Time: 0.778271
DefTol: 1e-05
H0-Error: 7.071157e-06
H1-Error: 8.068795e-03
memtype: main
prec: mixprec
