maxIter:3
level-Grob:9
level-Fine:6
Time: 125.777
DefTol: 1e-06
H0-Error: 2.363090e-06
H1-Error: 4.034416e-03
memtype: main
prec: mixprec
