maxIter:1
level-Grob:11
level-Fine:2
Total time: 1.01462
DefTol: 1e-06
H0-Error: 1.118267e-07
H1-Error: 1.008605e-03
memtype: cuda
prec: mixprec
