maxIter:7
level-Grob:10
level-Fine:2
Total time: 0.344091
DefTol: 1e-06
H0-Error: 4.291462e-07
H1-Error: 2.017209e-03
memtype: cuda
prec: mixprec
