maxIter:11
level-Grob:9
level-Fine:5
Total time: 0.20387
DefTol: 1e-05
H0-Error: 1.733104e-06
H1-Error: 4.034414e-03
memtype: cuda
prec: mixprec
