maxIter:4
level-Grob:6
level-Fine:4
Time: 0.335651
DefTol: 1e-06
H0-Error: 1.098699e-04
H1-Error: 3.227246e-02
memtype: cuda
prec: mixprec
