maxIter:1
level-Grob:9
level-Fine:6
Time: 173.459
DefTol: 1e-07
H0-Error: 1.878972e-06
H1-Error: 4.034414e-03
memtype: cuda
prec: mixprec
