maxIter:3
level-Grob:8
level-Fine:4
Time: 1.75936
DefTol: 1e-06
H0-Error: 6.937655e-06
H1-Error: 8.068795e-03
memtype: main
prec: mixprec
