maxIter:3
level-Grob:6
level-Fine:2
Total time: 0.022224
DefTol: 1e-07
H0-Error: 1.098306e-04
H1-Error: 3.227246e-02
memtype: cuda
prec: mixprec
