maxIter:19
level-Grob:10
level-Fine:6
Total time: 12.6741
DefTol: 1e-05
H0-Error: 7.508377e-07
H1-Error: 2.017210e-03
memtype: main
prec: mixprec
