maxIter:18
level-Grob:10
level-Fine:6
Time: 28.0943
DefTol: 1e-08
H0-Error: 4.293009e-07
H1-Error: 2.017209e-03
memtype: cuda
prec: mixprec
