maxIter:1
level-Grob:11
level-Fine:2
Total time: 0.924978
DefTol: 1e-05
H0-Error: 1.448593e-07
H1-Error: 1.008605e-03
memtype: cuda
prec: mixprec
