maxIter:10
level-Grob:9
level-Fine:6
Time: 10.9138
DefTol: 1e-05
H0-Error: 2.939614e-06
H1-Error: 4.034420e-03
memtype: cuda
prec: mixprec
