maxIter:5
level-Grob:8
level-Fine:6
Time: 4.93145
DefTol: 1e-05
H0-Error: 9.136596e-06
H1-Error: 8.068803e-03
memtype: cuda
prec: mixprec
