maxIter:16
level-Grob:9
level-Fine:4
Time: 3.50454
DefTol: 1e-07
H0-Error: 1.716359e-06
H1-Error: 4.034414e-03
memtype: cuda
prec: mixprec
