maxIter:11
level-Grob:7
level-Fine:1
Time: 0.590938
DefTol: 1e-08
H0-Error: 2.746078e-05
H1-Error: 1.613732e-02
memtype: cuda
prec: mixprec
