maxIter:10
level-Grob:9
level-Fine:5
Total time: 1.64902
DefTol: 1e-07
H0-Error: 1.717075e-06
H1-Error: 4.034414e-03
memtype: main
prec: mixprec
