maxIter:3
level-Grob:9
level-Fine:6
Total time: 21.0909
DefTol: 1e-06
H0-Error: 2.363285e-06
H1-Error: 4.034416e-03
memtype: main
prec: mixprec
