maxIter:5
level-Grob:9
level-Fine:6
Total time: 0.970054
DefTol: 1e-05
H0-Error: 3.871387e-06
H1-Error: 4.034428e-03
memtype: cuda
prec: mixprec
