maxIter:12
level-Grob:10
level-Fine:6
Total time: 1.72961
DefTol: 1e-06
H0-Error: 5.132193e-07
H1-Error: 2.017209e-03
memtype: cuda
prec: mixprec
