maxIter:20
level-Grob:10
level-Fine:4
Time: 10.1094
DefTol: 1e-06
H0-Error: 4.291268e-07
H1-Error: 2.017209e-03
memtype: cuda
prec: mixprec
