maxIter:12
level-Grob:10
level-Fine:5
Time: 14.7579
DefTol: 1e-08
H0-Error: 4.291111e-07
H1-Error: 2.017209e-03
memtype: cuda
prec: mixprec
