maxIter:8
level-Grob:9
level-Fine:8
Time: 186.409
DefTol: 1e-06
H0-Error: 2.635264e-06
H1-Error: 4.034417e-03
memtype: cuda
prec: mixprec
