maxIter:1
level-Grob:9
level-Fine:3
Total time: 1.75191
DefTol: 1e-06
H0-Error: 1.725344e-06
H1-Error: 4.034414e-03
memtype: main
prec: mixprec
