maxIter:7
level-Grob:5
level-Fine:3
Total time: 0.001093
DefTol: 1e-05
H0-Error: 4.391240e-04
H1-Error: 6.452751e-02
memtype: main
prec: mixprec
