maxIter:1
level-Grob:10
level-Fine:6
Time: 2106.02
DefTol: 1e-06
H0-Error: 1.827675e-06
H1-Error: 2.017220e-03
memtype: main
prec: mixprec
