maxIter:1
level-Grob:6
level-Fine:4
Time: 1.05681
DefTol: 1e-07
H0-Error: 1.098616e-04
H1-Error: 3.227246e-02
memtype: cuda
prec: mixprec
