maxIter:1
level-Grob:10
level-Fine:1
Total time: 1.15014
DefTol: 1e-07
H0-Error: 4.291476e-07
H1-Error: 2.017209e-03
memtype: main
prec: mixprec
