maxIter:7
level-Grob:9
level-Fine:8
Time: 173.598
DefTol: 1e-05
H0-Error: 1.540940e-05
H1-Error: 4.034893e-03
memtype: cuda
prec: mixprec
