maxIter:4
level-Grob:11
level-Fine:4
Total time: 1.59382
DefTol: 1e-05
H0-Error: 3.461461e-07
H1-Error: 1.008606e-03
memtype: cuda
prec: mixprec
