maxIter:8
level-Grob:5
level-Fine:1
Time: 0.187035
DefTol: 1e-05
H0-Error: 4.391404e-04
H1-Error: 6.452751e-02
memtype: cuda
prec: mixprec
