maxIter:11
level-Grob:10
level-Fine:6
Total time: 28.4975
DefTol: 1e-06
H0-Error: 4.998723e-07
H1-Error: 2.017209e-03
memtype: main
prec: mixprec
