maxIter:8
level-Grob:10
level-Fine:6
Time: 63.0677
DefTol: 1e-07
H0-Error: 4.430861e-07
H1-Error: 2.017209e-03
memtype: cuda
prec: mixprec
