maxIter:10
level-Grob:10
level-Fine:8
Total time: 33.701
DefTol: 1e-08
H0-Error: 4.335945e-07
H1-Error: 2.017209e-03
memtype: cuda
prec: mixprec
