maxIter:3
level-Grob:10
level-Fine:8
Total time: 1565.52
DefTol: 1e-07
H0-Error: 8.143460e-07
H1-Error: 2.017210e-03
memtype: main
prec: mixprec
