maxIter:1
level-Grob:8
level-Fine:4
Time: 4.50013
DefTol: 1e-07
H0-Error: 6.880227e-06
H1-Error: 8.068795e-03
memtype: cuda
prec: mixprec
