maxIter:17
level-Grob:10
level-Fine:4
Time: 9.25387
DefTol: 1e-06
H0-Error: 4.291339e-07
H1-Error: 2.017209e-03
memtype: cuda
prec: mixprec
