maxIter:8
level-Grob:10
level-Fine:5
Time: 17.7419
DefTol: 1e-06
H0-Error: 4.445802e-07
H1-Error: 2.017209e-03
memtype: cuda
prec: mixprec
