maxIter:3
level-Grob:8
level-Fine:7
Total time: 1.74437
DefTol: 1e-05
H0-Error: 2.039241e-05
H1-Error: 8.069045e-03
memtype: cuda
prec: mixprec
