maxIter:18
level-Grob:4
level-Fine:3
Time: 0.001505
DefTol: 1e-05
H0-Error: 1.753309e-03
H1-Error: 1.289155e-01
memtype: main
prec: mixprec
