maxIter:6
level-Grob:8
level-Fine:7
Time: 21.5689
DefTol: 1e-08
H0-Error: 6.870537e-06
H1-Error: 8.068795e-03
memtype: cuda
prec: mixprec
