maxIter:1
level-Grob:4
level-Fine:3
Time: 0.010205
DefTol: 1e-08
H0-Error: 1.753316e-03
H1-Error: 1.289155e-01
memtype: main
prec: mixprec
