maxIter:10
level-Grob:10
level-Fine:6
Total time: 24.5205
DefTol: 1e-05
H0-Error: 1.481005e-06
H1-Error: 2.017216e-03
memtype: main
prec: mixprec
