maxIter:5
level-Grob:11
level-Fine:3
Total time: 7.74099
DefTol: 1e-06
H0-Error: 1.074484e-07
H1-Error: 1.008605e-03
memtype: main
prec: mixprec
