maxIter:7
level-Grob:10
level-Fine:6
Time: 230.45
DefTol: 1e-06
H0-Error: 6.056864e-07
H1-Error: 2.017210e-03
memtype: main
prec: mixprec
