maxIter:17
level-Grob:9
level-Fine:1
Time: 2.86402
DefTol: 1e-06
H0-Error: 1.716359e-06
H1-Error: 4.034414e-03
memtype: cuda
prec: mixprec
