maxIter:7
level-Grob:10
level-Fine:4
Time: 19.6701
DefTol: 1e-06
H0-Error: 4.299318e-07
H1-Error: 2.017209e-03
memtype: main
prec: mixprec
