maxIter:9
level-Grob:9
level-Fine:8
Total time: 7.93267
DefTol: 1e-07
H0-Error: 1.786206e-06
H1-Error: 4.034414e-03
memtype: cuda
prec: mixprec
