maxIter:2
level-Grob:10
level-Fine:1
Total time: 0.797577
DefTol: 1e-05
H0-Error: 4.290646e-07
H1-Error: 2.017209e-03
memtype: main
prec: mixprec
