maxIter:10
level-Grob:10
level-Fine:8
Total time: 414.239
DefTol: 1e-06
H0-Error: 9.207093e-07
H1-Error: 2.017211e-03
memtype: main
prec: mixprec
