maxIter:17
level-Grob:11
level-Fine:3
Total time: 15.471
DefTol: 1e-05
H0-Error: 1.134764e-07
H1-Error: 1.008605e-03
memtype: main
prec: mixprec
