maxIter:3
level-Grob:7
level-Fine:6
Time: 4.37948
DefTol: 1e-06
H0-Error: 2.796577e-05
H1-Error: 1.613732e-02
memtype: main
prec: mixprec
