maxIter:6
level-Grob:10
level-Fine:3
Time: 6.91427
DefTol: 1e-06
H0-Error: 4.291132e-07
H1-Error: 2.017209e-03
memtype: cuda
prec: mixprec
