maxIter:10
level-Grob:9
level-Fine:7
Total time: 1.60082
DefTol: 1e-05
H0-Error: 3.874945e-06
H1-Error: 4.034428e-03
memtype: cuda
prec: mixprec
