maxIter:5
level-Grob:9
level-Fine:7
Total time: 5.21206
DefTol: 1e-08
H0-Error: 1.720606e-06
H1-Error: 4.034414e-03
memtype: cuda
prec: mixprec
