maxIter:4
level-Grob:10
level-Fine:4
Time: 11.056
DefTol: 1e-05
H0-Error: 6.251202e-07
H1-Error: 2.017210e-03
memtype: cuda
prec: mixprec
