maxIter:1
level-Grob:7
level-Fine:4
Time: 1.85759
DefTol: 1e-08
H0-Error: 2.746279e-05
H1-Error: 1.613732e-02
memtype: cuda
prec: mixprec
