maxIter:18
level-Grob:10
level-Fine:4
Time: 9.54026
DefTol: 1e-05
H0-Error: 4.291263e-07
H1-Error: 2.017209e-03
memtype: cuda
prec: mixprec
