maxIter:3
level-Grob:9
level-Fine:7
Time: 542.148
DefTol: 1e-07
H0-Error: 1.874637e-06
H1-Error: 4.034414e-03
memtype: main
prec: mixprec
