maxIter:8
level-Grob:9
level-Fine:7
Total time: 1.95225
DefTol: 1e-05
H0-Error: 4.876007e-06
H1-Error: 4.034443e-03
memtype: cuda
prec: mixprec
