maxIter:3
level-Grob:10
level-Fine:4
Time: 34.0867
DefTol: 1e-05
H0-Error: 8.649041e-07
H1-Error: 2.017211e-03
memtype: main
prec: mixprec
