maxIter:13
level-Grob:10
level-Fine:4
Total time: 4.30386
DefTol: 1e-08
H0-Error: 4.290974e-07
H1-Error: 2.017209e-03
memtype: main
prec: mixprec
