maxIter:8
level-Grob:10
level-Fine:5
Time: 53.1158
DefTol: 1e-06
H0-Error: 4.438086e-07
H1-Error: 2.017209e-03
memtype: main
prec: mixprec
