maxIter:9
level-Grob:10
level-Fine:8
Total time: 376.749
DefTol: 1e-05
H0-Error: 6.390875e-06
H1-Error: 2.017389e-03
memtype: main
prec: mixprec
