maxIter:16
level-Grob:9
level-Fine:3
Time: 4.14903
DefTol: 1e-06
H0-Error: 1.716360e-06
H1-Error: 4.034414e-03
memtype: main
prec: mixprec
