maxIter:5
level-Grob:9
level-Fine:8
Time: 740.36
DefTol: 1e-05
H0-Error: 1.872600e-05
H1-Error: 4.035146e-03
memtype: main
prec: mixprec
