maxIter:6
level-Grob:10
level-Fine:5
Time: 19.9901
DefTol: 1e-05
H0-Error: 1.295602e-06
H1-Error: 2.017215e-03
memtype: cuda
prec: mixprec
