maxIter:3
level-Grob:9
level-Fine:5
Time: 10.5262
DefTol: 1e-06
H0-Error: 1.911537e-06
H1-Error: 4.034414e-03
memtype: cuda
prec: mixprec
