maxIter:4
level-Grob:9
level-Fine:5
Total time: 0.431399
DefTol: 1e-06
H0-Error: 2.101177e-06
H1-Error: 4.034415e-03
memtype: cuda
prec: mixprec
