maxIter:4
level-Grob:8
level-Fine:7
Time: 64.1021
DefTol: 1e-06
H0-Error: 7.953206e-06
H1-Error: 8.068797e-03
memtype: main
prec: mixprec
