maxIter:3
level-Grob:6
level-Fine:3
Time: 0.02092
DefTol: 1e-07
H0-Error: 1.098300e-04
H1-Error: 3.227246e-02
memtype: main
prec: mixprec
