maxIter:1
level-Grob:6
level-Fine:1
Time: 0.010295
DefTol: 1e-06
H0-Error: 1.098332e-04
H1-Error: 3.227246e-02
memtype: main
prec: mixprec
