maxIter:2
level-Grob:10
level-Fine:5
Total time: 50.6022
DefTol: 1e-07
H0-Error: 4.392316e-07
H1-Error: 2.017209e-03
memtype: main
prec: mixprec
