maxIter:10
level-Grob:10
level-Fine:2
Time: 11.3401
DefTol: 1e-06
H0-Error: 4.291168e-07
H1-Error: 2.017209e-03
memtype: main
prec: mixprec
