maxIter:3
level-Grob:8
level-Fine:3
Total time: 0.119606
DefTol: 1e-07
H0-Error: 6.866441e-06
H1-Error: 8.068795e-03
memtype: main
prec: mixprec
