maxIter:2
level-Grob:7
level-Fine:6
Total time: 1.73456
DefTol: 1e-07
H0-Error: 2.753883e-05
H1-Error: 1.613732e-02
memtype: main
prec: mixprec
