maxIter:3
level-Grob:11
level-Fine:2
Total time: 0.686983
DefTol: 1e-05
H0-Error: 1.102572e-07
H1-Error: 1.008605e-03
memtype: cuda
prec: mixprec
