maxIter:2
level-Grob:10
level-Fine:3
Total time: 4.27993
DefTol: 1e-08
H0-Error: 4.292813e-07
H1-Error: 2.017209e-03
memtype: main
prec: mixprec
