maxIter:5
level-Grob:8
level-Fine:4
Time: 1.33804
DefTol: 1e-06
H0-Error: 6.887337e-06
H1-Error: 8.068795e-03
memtype: cuda
prec: mixprec
