maxIter:4
level-Grob:10
level-Fine:4
Time: 11.9368
DefTol: 1e-06
H0-Error: 4.726163e-07
H1-Error: 2.017209e-03
memtype: cuda
prec: mixprec
