maxIter:7
level-Grob:8
level-Fine:7
Total time: 0.732652
DefTol: 1e-05
H0-Error: 1.192904e-05
H1-Error: 8.068834e-03
memtype: cuda
prec: mixprec
