maxIter:1
level-Grob:8
level-Fine:4
Time: 3.75165
DefTol: 1e-06
H0-Error: 7.018757e-06
H1-Error: 8.068795e-03
memtype: cuda
prec: mixprec
