maxIter:3
level-Grob:9
level-Fine:5
Total time: 4.56234
DefTol: 1e-05
H0-Error: 3.942401e-06
H1-Error: 4.034430e-03
memtype: main
prec: mixprec
