maxIter:4
level-Grob:9
level-Fine:8
Time: 1151.71
DefTol: 1e-06
H0-Error: 4.378539e-06
H1-Error: 4.034434e-03
memtype: main
prec: mixprec
