maxIter:3
level-Grob:9
level-Fine:4
Time: 4.61327
DefTol: 1e-06
H0-Error: 1.757776e-06
H1-Error: 4.034414e-03
memtype: cuda
prec: mixprec
