maxIter:3
level-Grob:8
level-Fine:6
Time: 10.6967
DefTol: 1e-07
H0-Error: 6.936208e-06
H1-Error: 8.068795e-03
memtype: cuda
prec: mixprec
