maxIter:14
level-Grob:10
level-Fine:5
Total time: 0.568338
DefTol: 1e-06
H0-Error: 4.294029e-07
H1-Error: 2.017209e-03
memtype: cuda
prec: mixprec
