maxIter:9
level-Grob:8
level-Fine:6
Time: 9.86595
DefTol: 1e-08
H0-Error: 6.866771e-06
H1-Error: 8.068795e-03
memtype: main
prec: mixprec
