maxIter:6
level-Grob:9
level-Fine:4
Total time: 0.171006
DefTol: 1e-06
H0-Error: 1.719527e-06
H1-Error: 4.034414e-03
memtype: cuda
prec: mixprec
