maxIter:7
level-Grob:8
level-Fine:6
Time: 3.54708
DefTol: 1e-05
H0-Error: 8.691438e-06
H1-Error: 8.068801e-03
memtype: cuda
prec: mixprec
