maxIter:8
level-Grob:9
level-Fine:8
Total time: 10.2994
DefTol: 1e-08
H0-Error: 1.725054e-06
H1-Error: 4.034414e-03
memtype: cuda
prec: mixprec
