maxIter:7
level-Grob:9
level-Fine:8
Total time: 11.6763
DefTol: 1e-08
H0-Error: 1.728099e-06
H1-Error: 4.034414e-03
memtype: cuda
prec: mixprec
