maxIter:15
level-Grob:11
level-Fine:6
Total time: 95.7958
DefTol: 1e-07
H0-Error: 1.100062e-07
H1-Error: 1.008605e-03
memtype: main
prec: mixprec
