maxIter:1
level-Grob:9
level-Fine:6
Total time: 107.886
DefTol: 1e-08
H0-Error: 1.733422e-06
H1-Error: 4.034414e-03
memtype: main
prec: mixprec
