maxIter:9
level-Grob:8
level-Fine:7
Total time: 7.69289
DefTol: 1e-08
H0-Error: 6.867846e-06
H1-Error: 8.068795e-03
memtype: main
prec: mixprec
