maxIter:3
level-Grob:11
level-Fine:3
Total time: 0.914967
DefTol: 1e-05
H0-Error: 1.363545e-07
H1-Error: 1.008605e-03
memtype: cuda
prec: mixprec
