maxIter:10
level-Grob:8
level-Fine:6
Time: 2.87321
DefTol: 1e-05
H0-Error: 8.141620e-06
H1-Error: 8.068798e-03
memtype: cuda
prec: mixprec
