maxIter:11
level-Grob:10
level-Fine:3
Time: 12.8054
DefTol: 1e-06
H0-Error: 4.292215e-07
H1-Error: 2.017209e-03
memtype: main
prec: mixprec
