maxIter:1
level-Grob:2
level-Fine:1
Time: 0.035515
DefTol: 1e-05
H0-Error: 2.702794e-02
H1-Error: 5.041381e-01
memtype: cuda
prec: mixprec
