maxIter:8
level-Grob:7
level-Fine:4
Time: 0.514195
DefTol: 1e-05
H0-Error: 2.743945e-05
H1-Error: 1.613732e-02
memtype: cuda
prec: mixprec
