maxIter:5
level-Grob:8
level-Fine:3
Time: 0.456066
DefTol: 1e-06
H0-Error: 6.865317e-06
H1-Error: 8.068795e-03
memtype: main
prec: mixprec
