maxIter:8
level-Grob:10
level-Fine:7
Total time: 11.2714
DefTol: 1e-08
H0-Error: 4.324919e-07
H1-Error: 2.017209e-03
memtype: cuda
prec: mixprec
