maxIter:10
level-Grob:9
level-Fine:7
Total time: 1.92424
DefTol: 1e-06
H0-Error: 1.937170e-06
H1-Error: 4.034414e-03
memtype: cuda
prec: mixprec
