maxIter:6
level-Grob:9
level-Fine:8
Total time: 188.366
DefTol: 1e-08
H0-Error: 1.729129e-06
H1-Error: 4.034414e-03
memtype: main
prec: mixprec
