maxIter:5
level-Grob:9
level-Fine:5
Total time: 0.460554
DefTol: 1e-07
H0-Error: 1.722830e-06
H1-Error: 4.034414e-03
memtype: cuda
prec: mixprec
