maxIter:4
level-Grob:8
level-Fine:5
Time: 5.2704
DefTol: 1e-07
H0-Error: 6.882349e-06
H1-Error: 8.068795e-03
memtype: main
prec: mixprec
