maxIter:15
level-Grob:10
level-Fine:4
Total time: 2.95999
DefTol: 1e-05
H0-Error: 4.292514e-07
H1-Error: 2.017209e-03
memtype: main
prec: mixprec
