maxIter:10
level-Grob:10
level-Fine:3
Time: 7.38584
DefTol: 1e-06
H0-Error: 4.291389e-07
H1-Error: 2.017209e-03
memtype: cuda
prec: mixprec
