maxIter:3
level-Grob:7
level-Fine:3
Total time: 0.042471
DefTol: 1e-05
H0-Error: 2.741881e-05
H1-Error: 1.613732e-02
memtype: cuda
prec: mixprec
