maxIter:10
level-Grob:9
level-Fine:5
Time: 3.98977
DefTol: 1e-06
H0-Error: 1.728240e-06
H1-Error: 4.034414e-03
memtype: cuda
prec: mixprec
