maxIter:5
level-Grob:9
level-Fine:7
Total time: 48.9617
DefTol: 1e-06
H0-Error: 2.167474e-06
H1-Error: 4.034415e-03
memtype: main
prec: mixprec
