maxIter:11
level-Grob:9
level-Fine:4
Time: 4.45314
DefTol: 1e-08
H0-Error: 1.716359e-06
H1-Error: 4.034414e-03
memtype: main
prec: mixprec
