maxIter:7
level-Grob:9
level-Fine:7
Total time: 33.1587
DefTol: 1e-06
H0-Error: 2.195117e-06
H1-Error: 4.034415e-03
memtype: main
prec: mixprec
