maxIter:6
level-Grob:8
level-Fine:5
Total time: 0.137544
DefTol: 1e-05
H0-Error: 7.455270e-06
H1-Error: 8.068796e-03
memtype: cuda
prec: mixprec
