maxIter:8
level-Grob:7
level-Fine:6
Time: 1.19564
DefTol: 1e-06
H0-Error: 2.764978e-05
H1-Error: 1.613732e-02
memtype: cuda
prec: mixprec
