maxIter:5
level-Grob:9
level-Fine:4
Total time: 0.179532
DefTol: 1e-05
H0-Error: 1.877198e-06
H1-Error: 4.034415e-03
memtype: cuda
prec: mixprec
