maxIter:5
level-Grob:9
level-Fine:5
Time: 7.23328
DefTol: 1e-06
H0-Error: 1.789765e-06
H1-Error: 4.034414e-03
memtype: cuda
prec: mixprec
