maxIter:2
level-Grob:7
level-Fine:6
Time: 6.24169
DefTol: 1e-08
H0-Error: 2.746859e-05
H1-Error: 1.613732e-02
memtype: cuda
prec: mixprec
