maxIter:3
level-Grob:5
level-Fine:4
Total time: 0.00422
DefTol: 1e-06
H0-Error: 4.392588e-04
H1-Error: 6.452751e-02
memtype: main
prec: mixprec
