maxIter:5
level-Grob:9
level-Fine:8
Time: 1324.58
DefTol: 1e-08
H0-Error: 1.730853e-06
H1-Error: 4.034414e-03
memtype: main
prec: mixprec
