maxIter:6
level-Grob:7
level-Fine:6
Time: 1.73585
DefTol: 1e-07
H0-Error: 2.748855e-05
H1-Error: 1.613732e-02
memtype: cuda
prec: mixprec
