maxIter:3
level-Grob:8
level-Fine:5
Time: 3.6611
DefTol: 1e-07
H0-Error: 6.895302e-06
H1-Error: 8.068795e-03
memtype: cuda
prec: mixprec
