maxIter:2
level-Grob:10
level-Fine:5
Total time: 43.7191
DefTol: 1e-06
H0-Error: 5.301331e-07
H1-Error: 2.017209e-03
memtype: main
prec: mixprec
