maxIter:1
level-Grob:8
level-Fine:6
Time: 44.6864
DefTol: 1e-08
H0-Error: 6.888394e-06
H1-Error: 8.068795e-03
memtype: cuda
prec: mixprec
