maxIter:6
level-Grob:10
level-Fine:8
Total time: 528.815
DefTol: 1e-05
H0-Error: 1.681273e-05
H1-Error: 2.018539e-03
memtype: main
prec: mixprec
