maxIter:1
level-Grob:8
level-Fine:7
Total time: 11.1556
DefTol: 1e-08
H0-Error: 6.908080e-06
H1-Error: 8.068795e-03
memtype: cuda
prec: mixprec
