maxIter:4
level-Grob:10
level-Fine:6
Time: 490.573
DefTol: 1e-07
H0-Error: 4.678127e-07
H1-Error: 2.017209e-03
memtype: main
prec: mixprec
