maxIter:7
level-Grob:11
level-Fine:3
Total time: 0.922479
DefTol: 1e-07
H0-Error: 1.073104e-07
H1-Error: 1.008605e-03
memtype: cuda
prec: mixprec
