maxIter:6
level-Grob:3
level-Fine:2
Total time: 0.003557
DefTol: 1e-06
H0-Error: 6.962297e-03
H1-Error: 2.567055e-01
memtype: cuda
prec: mixprec
