maxIter:11
level-Grob:11
level-Fine:5
Total time: 39.7997
DefTol: 1e-07
H0-Error: 1.073935e-07
H1-Error: 1.008605e-03
memtype: main
prec: mixprec
