maxIter:1
level-Grob:8
level-Fine:7
Total time: 65.2892
DefTol: 1e-06
H0-Error: 1.166546e-05
H1-Error: 8.068829e-03
memtype: main
prec: mixprec
