maxIter:5
level-Grob:8
level-Fine:5
Time: 2.89618
DefTol: 1e-08
H0-Error: 6.866328e-06
H1-Error: 8.068795e-03
memtype: cuda
prec: mixprec
