maxIter:9
level-Grob:8
level-Fine:6
Time: 2.90238
DefTol: 1e-05
H0-Error: 8.110740e-06
H1-Error: 8.068798e-03
memtype: cuda
prec: mixprec
