maxIter:2
level-Grob:8
level-Fine:7
Time: 139.84
DefTol: 1e-06
H0-Error: 8.799572e-06
H1-Error: 8.068801e-03
memtype: main
prec: mixprec
