maxIter:10
level-Grob:10
level-Fine:4
Time: 19.7155
DefTol: 1e-07
H0-Error: 4.291706e-07
H1-Error: 2.017209e-03
memtype: main
prec: mixprec
