maxIter:5
level-Grob:11
level-Fine:4
Total time: 1.33746
DefTol: 1e-06
H0-Error: 1.106073e-07
H1-Error: 1.008605e-03
memtype: cuda
prec: mixprec
