maxIter:2
level-Grob:7
level-Fine:4
Time: 0.568497
DefTol: 1e-07
H0-Error: 2.747669e-05
H1-Error: 1.613732e-02
memtype: main
prec: mixprec
