maxIter:10
level-Grob:9
level-Fine:8
Time: 374.449
DefTol: 1e-05
H0-Error: 8.694843e-06
H1-Error: 4.034543e-03
memtype: main
prec: mixprec
