maxIter:2
level-Grob:11
level-Fine:2
Total time: 7.08287
DefTol: 1e-07
H0-Error: 1.074078e-07
H1-Error: 1.008605e-03
memtype: main
prec: mixprec
