maxIter:19
level-Grob:11
level-Fine:4
Total time: 23.4876
DefTol: 1e-06
H0-Error: 1.073260e-07
H1-Error: 1.008605e-03
memtype: main
prec: mixprec
