maxIter:5
level-Grob:10
level-Fine:2
Total time: 1.04952
DefTol: 1e-06
H0-Error: 4.291459e-07
H1-Error: 2.017209e-03
memtype: main
prec: mixprec
