maxIter:7
level-Grob:8
level-Fine:7
Total time: 9.75366
DefTol: 1e-08
H0-Error: 6.869972e-06
H1-Error: 8.068795e-03
memtype: main
prec: mixprec
