maxIter:15
level-Grob:11
level-Fine:5
Total time: 31.8828
DefTol: 1e-06
H0-Error: 1.082976e-07
H1-Error: 1.008605e-03
memtype: main
prec: mixprec
