maxIter:7
level-Grob:7
level-Fine:6
Time: 1.96172
DefTol: 1e-07
H0-Error: 2.748309e-05
H1-Error: 1.613732e-02
memtype: main
prec: mixprec
