maxIter:4
level-Grob:10
level-Fine:6
Total time: 4.57707
DefTol: 1e-06
H0-Error: 8.747779e-07
H1-Error: 2.017210e-03
memtype: cuda
prec: mixprec
