maxIter:4
level-Grob:9
level-Fine:6
Total time: 1.66901
DefTol: 1e-07
H0-Error: 1.752254e-06
H1-Error: 4.034414e-03
memtype: cuda
prec: mixprec
