maxIter:10
level-Grob:10
level-Fine:6
Time: 172.198
DefTol: 1e-06
H0-Error: 5.387390e-07
H1-Error: 2.017209e-03
memtype: main
prec: mixprec
