maxIter:10
level-Grob:9
level-Fine:8
Time: 205.147
DefTol: 1e-08
H0-Error: 1.722409e-06
H1-Error: 4.034414e-03
memtype: cuda
prec: mixprec
