maxIter:4
level-Grob:8
level-Fine:5
Time: 6.27796
DefTol: 1e-08
H0-Error: 6.866815e-06
H1-Error: 8.068795e-03
memtype: main
prec: mixprec
