maxIter:2
level-Grob:4
level-Fine:3
Total time: 0.010673
DefTol: 1e-07
H0-Error: 1.753309e-03
H1-Error: 1.289155e-01
memtype: cuda
prec: mixprec
