maxIter:4
level-Grob:8
level-Fine:6
Total time: 3.62423
DefTol: 1e-06
H0-Error: 7.256306e-06
H1-Error: 8.068795e-03
memtype: main
prec: mixprec
