maxIter:2
level-Grob:10
level-Fine:6
Total time: 13.3862
DefTol: 1e-08
H0-Error: 4.334099e-07
H1-Error: 2.017209e-03
memtype: cuda
prec: mixprec
