maxIter:1
level-Grob:3
level-Fine:2
Time: 0.075954
DefTol: 1e-06
H0-Error: 6.962225e-03
H1-Error: 2.567055e-01
memtype: cuda
prec: mixprec
