maxIter:18
level-Grob:10
level-Fine:5
Time: 14.591
DefTol: 1e-08
H0-Error: 4.290964e-07
H1-Error: 2.017209e-03
memtype: cuda
prec: mixprec
