maxIter:5
level-Grob:10
level-Fine:6
Total time: 47.8128
DefTol: 1e-05
H0-Error: 2.684426e-06
H1-Error: 2.017237e-03
memtype: main
prec: mixprec
