maxIter:10
level-Grob:8
level-Fine:7
Total time: 0.739773
DefTol: 1e-07
H0-Error: 6.892785e-06
H1-Error: 8.068795e-03
memtype: cuda
prec: mixprec
