maxIter:3
level-Grob:8
level-Fine:3
Total time: 0.095274
DefTol: 1e-05
H0-Error: 6.880889e-06
H1-Error: 8.068795e-03
memtype: main
prec: mixprec
