maxIter:2
level-Grob:8
level-Fine:6
Total time: 9.34263
DefTol: 1e-07
H0-Error: 6.946654e-06
H1-Error: 8.068795e-03
memtype: main
prec: mixprec
