maxIter:3
level-Grob:5
level-Fine:3
Time: 0.21803
DefTol: 1e-07
H0-Error: 4.391214e-04
H1-Error: 6.452751e-02
memtype: cuda
prec: mixprec
