maxIter:8
level-Grob:7
level-Fine:6
Total time: 0.109431
DefTol: 1e-05
H0-Error: 2.949064e-05
H1-Error: 1.613732e-02
memtype: cuda
prec: mixprec
