maxIter:9
level-Grob:9
level-Fine:8
Total time: 6.70444
DefTol: 1e-06
H0-Error: 2.455853e-06
H1-Error: 4.034416e-03
memtype: cuda
prec: mixprec
