maxIter:2
level-Grob:9
level-Fine:6
Time: 61.5774
DefTol: 1e-06
H0-Error: 2.373063e-06
H1-Error: 4.034416e-03
memtype: cuda
prec: mixprec
