maxIter:8
level-Grob:9
level-Fine:4
Total time: 0.60903
DefTol: 1e-06
H0-Error: 1.717057e-06
H1-Error: 4.034414e-03
memtype: main
prec: mixprec
