maxIter:9
level-Grob:8
level-Fine:5
Time: 1.90782
DefTol: 1e-08
H0-Error: 6.865698e-06
H1-Error: 8.068795e-03
memtype: cuda
prec: mixprec
