maxIter:17
level-Grob:9
level-Fine:4
Total time: 0.749013
DefTol: 1e-06
H0-Error: 1.716363e-06
H1-Error: 4.034414e-03
memtype: main
prec: mixprec
