maxIter:15
level-Grob:9
level-Fine:5
Time: 6.42432
DefTol: 1e-05
H0-Error: 1.717077e-06
H1-Error: 4.034414e-03
memtype: main
prec: mixprec
