maxIter:3
level-Grob:8
level-Fine:4
Time: 1.6143
DefTol: 1e-06
H0-Error: 6.937620e-06
H1-Error: 8.068795e-03
memtype: cuda
prec: mixprec
