maxIter:9
level-Grob:9
level-Fine:7
Time: 181.336
DefTol: 1e-07
H0-Error: 1.738174e-06
H1-Error: 4.034414e-03
memtype: main
prec: mixprec
