maxIter:9
level-Grob:9
level-Fine:7
Total time: 22.2444
DefTol: 1e-05
H0-Error: 4.112891e-06
H1-Error: 4.034431e-03
memtype: main
prec: mixprec
