maxIter:1
level-Grob:9
level-Fine:2
Total time: 0.17026
DefTol: 1e-07
H0-Error: 1.717158e-06
H1-Error: 4.034414e-03
memtype: cuda
prec: mixprec
