maxIter:3
level-Grob:9
level-Fine:8
Time: 645.737
DefTol: 1e-07
H0-Error: 1.982459e-06
H1-Error: 4.034415e-03
memtype: cuda
prec: mixprec
