maxIter:10
level-Grob:7
level-Fine:6
Time: 0.973134
DefTol: 1e-05
H0-Error: 2.884724e-05
H1-Error: 1.613732e-02
memtype: main
prec: mixprec
