maxIter:8
level-Grob:8
level-Fine:7
Total time: 5.16296
DefTol: 1e-05
H0-Error: 1.068613e-05
H1-Error: 8.068818e-03
memtype: main
prec: mixprec
