maxIter:3
level-Grob:6
level-Fine:4
Time: 0.077561
DefTol: 1e-07
H0-Error: 1.098478e-04
H1-Error: 3.227246e-02
memtype: main
prec: mixprec
