maxIter:11
level-Grob:10
level-Fine:5
Total time: 6.64142
DefTol: 1e-05
H0-Error: 4.548221e-07
H1-Error: 2.017209e-03
memtype: main
prec: mixprec
