maxIter:6
level-Grob:8
level-Fine:5
Total time: 0.562988
DefTol: 1e-05
H0-Error: 7.455369e-06
H1-Error: 8.068796e-03
memtype: main
prec: mixprec
