maxIter:3
level-Grob:10
level-Fine:5
Time: 48.6038
DefTol: 1e-07
H0-Error: 4.417237e-07
H1-Error: 2.017209e-03
memtype: cuda
prec: mixprec
