maxIter:10
level-Grob:10
level-Fine:5
Time: 30.8706
DefTol: 1e-05
H0-Error: 5.041999e-07
H1-Error: 2.017209e-03
memtype: main
prec: mixprec
