maxIter:7
level-Grob:9
level-Fine:6
Total time: 7.18117
DefTol: 1e-05
H0-Error: 3.597293e-06
H1-Error: 4.034426e-03
memtype: main
prec: mixprec
