maxIter:4
level-Grob:5
level-Fine:4
Time: 0.166012
DefTol: 1e-06
H0-Error: 4.391376e-04
H1-Error: 6.452751e-02
memtype: cuda
prec: mixprec
