maxIter:12
level-Grob:11
level-Fine:3
Total time: 10.9436
DefTol: 1e-05
H0-Error: 1.139057e-07
H1-Error: 1.008605e-03
memtype: main
prec: mixprec
