maxIter:4
level-Grob:8
level-Fine:6
Total time: 0.443662
DefTol: 1e-05
H0-Error: 1.110083e-05
H1-Error: 8.068823e-03
memtype: cuda
prec: mixprec
