maxIter:12
level-Grob:9
level-Fine:5
Total time: 1.28613
DefTol: 1e-06
H0-Error: 1.727342e-06
H1-Error: 4.034414e-03
memtype: main
prec: mixprec
