maxIter:5
level-Grob:8
level-Fine:7
Total time: 12.1827
DefTol: 1e-07
H0-Error: 6.923431e-06
H1-Error: 8.068795e-03
memtype: main
prec: mixprec
