maxIter:3
level-Grob:9
level-Fine:5
Total time: 6.47383
DefTol: 1e-07
H0-Error: 1.739562e-06
H1-Error: 4.034414e-03
memtype: main
prec: mixprec
