maxIter:15
level-Grob:9
level-Fine:5
Total time: 1.11073
DefTol: 1e-06
H0-Error: 1.716510e-06
H1-Error: 4.034414e-03
memtype: main
prec: mixprec
