maxIter:20
level-Grob:9
level-Fine:2
Total time: 0.158509
DefTol: 1e-07
H0-Error: 1.716362e-06
H1-Error: 4.034414e-03
memtype: cuda
prec: mixprec
