maxIter:8
level-Grob:8
level-Fine:4
Total time: 0.171676
DefTol: 1e-07
H0-Error: 6.864964e-06
H1-Error: 8.068795e-03
memtype: main
prec: mixprec
