maxIter:6
level-Grob:7
level-Fine:6
Time: 1.98828
DefTol: 1e-08
H0-Error: 2.746330e-05
H1-Error: 1.613732e-02
memtype: cuda
prec: mixprec
