maxIter:2
level-Grob:10
level-Fine:3
Total time: 0.44479
DefTol: 1e-06
H0-Error: 4.395298e-07
H1-Error: 2.017209e-03
memtype: cuda
prec: mixprec
