maxIter:7
level-Grob:8
level-Fine:5
Time: 3.93713
DefTol: 1e-08
H0-Error: 6.865821e-06
H1-Error: 8.068795e-03
memtype: main
prec: mixprec
