maxIter:6
level-Grob:8
level-Fine:4
Time: 0.84659
DefTol: 1e-06
H0-Error: 6.869628e-06
H1-Error: 8.068795e-03
memtype: main
prec: mixprec
