maxIter:10
level-Grob:8
level-Fine:7
Time: 24.8502
DefTol: 1e-06
H0-Error: 7.167427e-06
H1-Error: 8.068795e-03
memtype: main
prec: mixprec
