maxIter:4
level-Grob:10
level-Fine:5
Time: 79.576
DefTol: 1e-05
H0-Error: 4.447766e-06
H1-Error: 2.017309e-03
memtype: main
prec: mixprec
