maxIter:6
level-Grob:9
level-Fine:6
Time: 25.7136
DefTol: 1e-08
H0-Error: 1.719435e-06
H1-Error: 4.034414e-03
memtype: cuda
prec: mixprec
