maxIter:15
level-Grob:9
level-Fine:1
Time: 2.80018
DefTol: 1e-05
H0-Error: 1.716359e-06
H1-Error: 4.034414e-03
memtype: cuda
prec: mixprec
