maxIter:9
level-Grob:8
level-Fine:6
Total time: 0.216698
DefTol: 1e-05
H0-Error: 8.109988e-06
H1-Error: 8.068798e-03
memtype: cuda
prec: mixprec
