maxIter:2
level-Grob:9
level-Fine:6
Time: 158.627
DefTol: 1e-05
H0-Error: 8.938352e-06
H1-Error: 4.034551e-03
memtype: main
prec: mixprec
