maxIter:12
level-Grob:10
level-Fine:6
Time: 201.977
DefTol: 1e-08
H0-Error: 4.297853e-07
H1-Error: 2.017209e-03
memtype: main
prec: mixprec
