maxIter:2
level-Grob:9
level-Fine:8
Time: 3542.38
DefTol: 1e-08
H0-Error: 1.752711e-06
H1-Error: 4.034414e-03
memtype: main
prec: mixprec
