maxIter:20
level-Grob:10
level-Fine:5
Total time: 5.25088
DefTol: 1e-06
H0-Error: 4.298366e-07
H1-Error: 2.017209e-03
memtype: main
prec: mixprec
