maxIter:1
level-Grob:9
level-Fine:7
Time: 511.447
DefTol: 1e-06
H0-Error: 6.966056e-06
H1-Error: 4.034487e-03
memtype: cuda
prec: mixprec
