maxIter:9
level-Grob:11
level-Fine:3
Total time: 1.04714
DefTol: 1e-07
H0-Error: 1.073138e-07
H1-Error: 1.008605e-03
memtype: cuda
prec: mixprec
