maxIter:4
level-Grob:5
level-Fine:4
Total time: 0.002195
DefTol: 1e-05
H0-Error: 4.392102e-04
H1-Error: 6.452751e-02
memtype: main
prec: mixprec
