maxIter:3
level-Grob:8
level-Fine:6
Total time: 0.949753
DefTol: 1e-08
H0-Error: 6.872235e-06
H1-Error: 8.068795e-03
memtype: cuda
prec: mixprec
