maxIter:1
level-Grob:9
level-Fine:1
Time: 2.54147
DefTol: 1e-06
H0-Error: 1.718046e-06
H1-Error: 4.034414e-03
memtype: cuda
prec: mixprec
