maxIter:10
level-Grob:9
level-Fine:4
Time: 2.99485
DefTol: 1e-06
H0-Error: 1.716494e-06
H1-Error: 4.034414e-03
memtype: cuda
prec: mixprec
