maxIter:19
level-Grob:10
level-Fine:5
Total time: 4.96812
DefTol: 1e-06
H0-Error: 4.303559e-07
H1-Error: 2.017209e-03
memtype: main
prec: mixprec
