maxIter:4
level-Grob:10
level-Fine:2
Total time: 1.14703
DefTol: 1e-05
H0-Error: 4.290984e-07
H1-Error: 2.017209e-03
memtype: main
prec: mixprec
