maxIter:5
level-Grob:8
level-Fine:5
Time: 2.10735
DefTol: 1e-05
H0-Error: 7.780671e-06
H1-Error: 8.068796e-03
memtype: cuda
prec: mixprec
