maxIter:6
level-Grob:6
level-Fine:5
Time: 0.101579
DefTol: 1e-06
H0-Error: 1.099685e-04
H1-Error: 3.227246e-02
memtype: main
prec: mixprec
