maxIter:5
level-Grob:8
level-Fine:6
Time: 11.9748
DefTol: 1e-05
H0-Error: 9.136702e-06
H1-Error: 8.068803e-03
memtype: main
prec: mixprec
