maxIter:3
level-Grob:10
level-Fine:5
Total time: 21.3159
DefTol: 1e-05
H0-Error: 1.984550e-06
H1-Error: 2.017223e-03
memtype: main
prec: mixprec
