maxIter:8
level-Grob:9
level-Fine:6
Time: 14.9536
DefTol: 1e-06
H0-Error: 1.856582e-06
H1-Error: 4.034414e-03
memtype: cuda
prec: mixprec
