maxIter:3
level-Grob:8
level-Fine:5
Time: 6.34747
DefTol: 1e-06
H0-Error: 7.113516e-06
H1-Error: 8.068795e-03
memtype: main
prec: mixprec
