maxIter:11
level-Grob:9
level-Fine:4
Total time: 0.183403
DefTol: 1e-08
H0-Error: 1.716362e-06
H1-Error: 4.034414e-03
memtype: cuda
prec: mixprec
