maxIter:4
level-Grob:9
level-Fine:6
Total time: 21.6456
DefTol: 1e-08
H0-Error: 1.719793e-06
H1-Error: 4.034414e-03
memtype: main
prec: mixprec
