maxIter:15
level-Grob:10
level-Fine:6
Time: 34.3261
DefTol: 1e-08
H0-Error: 4.293045e-07
H1-Error: 2.017209e-03
memtype: cuda
prec: mixprec
