maxIter:1
level-Grob:9
level-Fine:2
Total time: 0.554787
DefTol: 1e-07
H0-Error: 1.717159e-06
H1-Error: 4.034414e-03
memtype: main
prec: mixprec
