maxIter:5
level-Grob:8
level-Fine:7
Total time: 1.70263
DefTol: 1e-08
H0-Error: 6.871370e-06
H1-Error: 8.068795e-03
memtype: cuda
prec: mixprec
