maxIter:2
level-Grob:8
level-Fine:7
Time: 73.1704
DefTol: 1e-08
H0-Error: 6.883897e-06
H1-Error: 8.068795e-03
memtype: cuda
prec: mixprec
