maxIter:3
level-Grob:10
level-Fine:7
Total time: 293.526
DefTol: 1e-05
H0-Error: 1.384016e-05
H1-Error: 2.018102e-03
memtype: main
prec: mixprec
