maxIter:14
level-Grob:11
level-Fine:1
Total time: 8.87298
DefTol: 1e-05
H0-Error: 1.132453e-07
H1-Error: 1.008605e-03
memtype: main
prec: mixprec
