maxIter:8
level-Grob:10
level-Fine:8
Total time: 41.5473
DefTol: 1e-08
H0-Error: 4.364013e-07
H1-Error: 2.017209e-03
memtype: cuda
prec: mixprec
