maxIter:5
level-Grob:6
level-Fine:5
Time: 0.500939
DefTol: 1e-05
H0-Error: 1.111093e-04
H1-Error: 3.227246e-02
memtype: cuda
prec: mixprec
