maxIter:3
level-Grob:10
level-Fine:2
Total time: 0.891018
DefTol: 1e-05
H0-Error: 4.297877e-07
H1-Error: 2.017209e-03
memtype: main
prec: mixprec
