maxIter:9
level-Grob:9
level-Fine:6
Time: 49.8112
DefTol: 1e-08
H0-Error: 1.717493e-06
H1-Error: 4.034414e-03
memtype: main
prec: mixprec
