maxIter:7
level-Grob:6
level-Fine:5
Time: 0.124669
DefTol: 1e-08
H0-Error: 1.098315e-04
H1-Error: 3.227246e-02
memtype: main
prec: mixprec
