maxIter:2
level-Grob:10
level-Fine:6
Total time: 126.346
DefTol: 1e-05
H0-Error: 5.857046e-06
H1-Error: 2.017358e-03
memtype: main
prec: mixprec
