maxIter:1
level-Grob:3
level-Fine:1
Time: 0.000941
DefTol: 1e-07
H0-Error: 6.962287e-03
H1-Error: 2.567055e-01
memtype: main
prec: mixprec
