maxIter:1
level-Grob:9
level-Fine:8
Time: 2493.51
DefTol: 1e-07
H0-Error: 2.505586e-06
H1-Error: 4.034416e-03
memtype: cuda
prec: mixprec
