maxIter:3
level-Grob:7
level-Fine:3
Time: 0.113049
DefTol: 1e-07
H0-Error: 2.745773e-05
H1-Error: 1.613732e-02
memtype: main
prec: mixprec
