maxIter:4
level-Grob:7
level-Fine:5
Total time: 0.134691
DefTol: 1e-08
H0-Error: 2.746239e-05
H1-Error: 1.613732e-02
memtype: cuda
prec: mixprec
