maxIter:3
level-Grob:10
level-Fine:6
Time: 689.577
DefTol: 1e-07
H0-Error: 4.723887e-07
H1-Error: 2.017209e-03
memtype: main
prec: mixprec
