maxIter:9
level-Grob:9
level-Fine:5
Time: 8.58752
DefTol: 1e-05
H0-Error: 1.827923e-06
H1-Error: 4.034414e-03
memtype: main
prec: mixprec
