maxIter:8
level-Grob:10
level-Fine:6
Total time: 34.3498
DefTol: 1e-06
H0-Error: 5.610179e-07
H1-Error: 2.017209e-03
memtype: main
prec: mixprec
