maxIter:5
level-Grob:8
level-Fine:4
Total time: 0.082577
DefTol: 1e-05
H0-Error: 7.073100e-06
H1-Error: 8.068795e-03
memtype: cuda
prec: mixprec
