maxIter:20
level-Grob:10
level-Fine:6
Total time: 14.6743
DefTol: 1e-05
H0-Error: 5.055622e-07
H1-Error: 2.017209e-03
memtype: main
prec: mixprec
