maxIter:2
level-Grob:10
level-Fine:7
Total time: 795.188
DefTol: 1e-08
H0-Error: 4.430590e-07
H1-Error: 2.017209e-03
memtype: main
prec: mixprec
