maxIter:17
level-Grob:9
level-Fine:5
Time: 4.17058
DefTol: 1e-07
H0-Error: 1.716444e-06
H1-Error: 4.034414e-03
memtype: cuda
prec: mixprec
