maxIter:9
level-Grob:8
level-Fine:6
Time: 6.28459
DefTol: 1e-05
H0-Error: 8.111590e-06
H1-Error: 8.068798e-03
memtype: main
prec: mixprec
