maxIter:1
level-Grob:10
level-Fine:5
Total time: 8.66174
DefTol: 1e-08
H0-Error: 4.327488e-07
H1-Error: 2.017209e-03
memtype: cuda
prec: mixprec
