maxIter:6
level-Grob:8
level-Fine:4
Time: 1.26237
DefTol: 1e-06
H0-Error: 6.868820e-06
H1-Error: 8.068795e-03
memtype: cuda
prec: mixprec
