maxIter:19
level-Grob:10
level-Fine:6
Time: 20.5041
DefTol: 1e-06
H0-Error: 4.319563e-07
H1-Error: 2.017209e-03
memtype: cuda
prec: mixprec
