maxIter:4
level-Grob:10
level-Fine:6
Time: 418.011
DefTol: 1e-06
H0-Error: 8.759046e-07
H1-Error: 2.017210e-03
memtype: main
prec: mixprec
