maxIter:5
level-Grob:9
level-Fine:6
Total time: 1.34204
DefTol: 1e-07
H0-Error: 1.735798e-06
H1-Error: 4.034414e-03
memtype: cuda
prec: mixprec
