maxIter:1
level-Grob:10
level-Fine:8
Total time: 3045.95
DefTol: 1e-07
H0-Error: 2.358656e-06
H1-Error: 2.017229e-03
memtype: main
prec: mixprec
