maxIter:10
level-Grob:9
level-Fine:8
Total time: 83.1359
DefTol: 1e-06
H0-Error: 2.341047e-06
H1-Error: 4.034416e-03
memtype: main
prec: mixprec
