maxIter:11
level-Grob:10
level-Fine:4
Total time: 2.97072
DefTol: 1e-06
H0-Error: 4.292050e-07
H1-Error: 2.017209e-03
memtype: main
prec: mixprec
