maxIter:7
level-Grob:9
level-Fine:7
Time: 248.722
DefTol: 1e-08
H0-Error: 1.721149e-06
H1-Error: 4.034414e-03
memtype: main
prec: mixprec
