maxIter:4
level-Grob:11
level-Fine:2
Total time: 0.733492
DefTol: 1e-07
H0-Error: 1.073163e-07
H1-Error: 1.008605e-03
memtype: cuda
prec: mixprec
