maxIter:11
level-Grob:7
level-Fine:2
Total time: 0.049051
DefTol: 1e-07
H0-Error: 2.746078e-05
H1-Error: 1.613732e-02
memtype: cuda
prec: mixprec
