maxIter:5
level-Grob:9
level-Fine:5
Total time: 3.44292
DefTol: 1e-06
H0-Error: 1.789859e-06
H1-Error: 4.034414e-03
memtype: main
prec: mixprec
