maxIter:14
level-Grob:10
level-Fine:5
Time: 15.0979
DefTol: 1e-08
H0-Error: 4.290914e-07
H1-Error: 2.017209e-03
memtype: cuda
prec: mixprec
