maxIter:2
level-Grob:11
level-Fine:3
Total time: 1.29649
DefTol: 1e-06
H0-Error: 1.143371e-07
H1-Error: 1.008605e-03
memtype: cuda
prec: mixprec
