maxIter:1
level-Grob:10
level-Fine:6
Total time: 421.208
DefTol: 1e-07
H0-Error: 5.754337e-07
H1-Error: 2.017209e-03
memtype: main
prec: mixprec
