maxIter:10
level-Grob:10
level-Fine:5
Time: 12.111
DefTol: 1e-05
H0-Error: 5.264325e-07
H1-Error: 2.017209e-03
memtype: cuda
prec: mixprec
