maxIter:12
level-Grob:10
level-Fine:6
Total time: 30.3071
DefTol: 1e-07
H0-Error: 4.368924e-07
H1-Error: 2.017209e-03
memtype: main
prec: mixprec
