maxIter:5
level-Grob:8
level-Fine:5
Time: 4.58664
DefTol: 1e-07
H0-Error: 6.872657e-06
H1-Error: 8.068795e-03
memtype: main
prec: mixprec
