maxIter:6
level-Grob:8
level-Fine:5
Time: 4.46128
DefTol: 1e-08
H0-Error: 6.866061e-06
H1-Error: 8.068795e-03
memtype: main
prec: mixprec
