maxIter:9
level-Grob:10
level-Fine:8
Total time: 32.4611
DefTol: 1e-07
H0-Error: 4.818752e-07
H1-Error: 2.017209e-03
memtype: cuda
prec: mixprec
