maxIter:9
level-Grob:10
level-Fine:8
Total time: 27.5021
DefTol: 1e-06
H0-Error: 1.005659e-06
H1-Error: 2.017211e-03
memtype: cuda
prec: mixprec
