maxIter:5
level-Grob:10
level-Fine:5
Time: 35.277
DefTol: 1e-08
H0-Error: 4.297355e-07
H1-Error: 2.017209e-03
memtype: cuda
prec: mixprec
