maxIter:1
level-Grob:8
level-Fine:2
Total time: 0.111214
DefTol: 1e-06
H0-Error: 6.878294e-06
H1-Error: 8.068795e-03
memtype: main
prec: mixprec
