maxIter:4
level-Grob:10
level-Fine:7
Total time: 19.7446
DefTol: 1e-07
H0-Error: 5.218504e-07
H1-Error: 2.017209e-03
memtype: cuda
prec: mixprec
