maxIter:8
level-Grob:9
level-Fine:8
Time: 221.069
DefTol: 1e-07
H0-Error: 1.802570e-06
H1-Error: 4.034414e-03
memtype: cuda
prec: mixprec
