maxIter:4
level-Grob:10
level-Fine:3
Total time: 2.00321
DefTol: 1e-07
H0-Error: 4.291294e-07
H1-Error: 2.017209e-03
memtype: main
prec: mixprec
