maxIter:6
level-Grob:10
level-Fine:5
Total time: 1.34435
DefTol: 1e-08
H0-Error: 4.297886e-07
H1-Error: 2.017209e-03
memtype: cuda
prec: mixprec
