maxIter:20
level-Grob:10
level-Fine:6
Time: 23.1173
DefTol: 1e-07
H0-Error: 4.301339e-07
H1-Error: 2.017209e-03
memtype: cuda
prec: mixprec
