maxIter:6
level-Grob:10
level-Fine:6
Total time: 47.5997
DefTol: 1e-06
H0-Error: 6.408422e-07
H1-Error: 2.017210e-03
memtype: main
prec: mixprec
