maxIter:5
level-Grob:9
level-Fine:7
Total time: 4.53237
DefTol: 1e-07
H0-Error: 1.760263e-06
H1-Error: 4.034414e-03
memtype: cuda
prec: mixprec
