maxIter:1
level-Grob:10
level-Fine:9
Total time: 876.576
DefTol: 1e-05
H0-Error: 1.415610e-04
H1-Error: 2.112509e-03
memtype: cuda
prec: mixprec
