maxIter:2
level-Grob:8
level-Fine:6
Time: 52.2778
DefTol: 1e-08
H0-Error: 6.873528e-06
H1-Error: 8.068795e-03
memtype: main
prec: mixprec
