maxIter:8
level-Grob:10
level-Fine:8
Total time: 35.9551
DefTol: 1e-07
H0-Error: 5.027021e-07
H1-Error: 2.017209e-03
memtype: cuda
prec: mixprec
