maxIter:1
level-Grob:9
level-Fine:3
Time: 10.3288
DefTol: 1e-06
H0-Error: 1.725328e-06
H1-Error: 4.034414e-03
memtype: main
prec: mixprec
