maxIter:1
level-Grob:11
level-Fine:1
Total time: 3.83878
DefTol: 1e-05
H0-Error: 1.122246e-07
H1-Error: 1.008605e-03
memtype: main
prec: mixprec
