maxIter:8
level-Grob:9
level-Fine:7
Time: 201.175
DefTol: 1e-07
H0-Error: 1.746151e-06
H1-Error: 4.034414e-03
memtype: main
prec: mixprec
