maxIter:2
level-Grob:7
level-Fine:3
Total time: 0.028743
DefTol: 1e-05
H0-Error: 2.766671e-05
H1-Error: 1.613732e-02
memtype: main
prec: mixprec
