maxIter:1
level-Grob:8
level-Fine:4
Time: 3.51179
DefTol: 1e-05
H0-Error: 8.416082e-06
H1-Error: 8.068799e-03
memtype: cuda
prec: mixprec
