maxIter:18
level-Grob:10
level-Fine:4
Total time: 3.54835
DefTol: 1e-05
H0-Error: 4.292691e-07
H1-Error: 2.017209e-03
memtype: main
prec: mixprec
