maxIter:2
level-Grob:7
level-Fine:5
Time: 1.92448
DefTol: 1e-06
H0-Error: 2.780618e-05
H1-Error: 1.613732e-02
memtype: main
prec: mixprec
