maxIter:9
level-Grob:7
level-Fine:6
Time: 1.07663
DefTol: 1e-05
H0-Error: 2.867225e-05
H1-Error: 1.613732e-02
memtype: main
prec: mixprec
