maxIter:2
level-Grob:7
level-Fine:1
Time: 0.505672
DefTol: 1e-06
H0-Error: 2.746071e-05
H1-Error: 1.613732e-02
memtype: cuda
prec: mixprec
