maxIter:7
level-Grob:8
level-Fine:2
Time: 1.14425
DefTol: 1e-05
H0-Error: 6.865388e-06
H1-Error: 8.068795e-03
memtype: cuda
prec: mixprec
