maxIter:2
level-Grob:7
level-Fine:2
Total time: 0.011127
DefTol: 1e-06
H0-Error: 2.745850e-05
H1-Error: 1.613732e-02
memtype: main
prec: mixprec
