maxIter:8
level-Grob:11
level-Fine:4
Total time: 1.12661
DefTol: 1e-05
H0-Error: 1.122462e-07
H1-Error: 1.008605e-03
memtype: cuda
prec: mixprec
