maxIter:19
level-Grob:10
level-Fine:5
Total time: 0.5297
DefTol: 1e-06
H0-Error: 4.291993e-07
H1-Error: 2.017209e-03
memtype: cuda
prec: mixprec
