maxIter:13
level-Grob:9
level-Fine:5
Time: 5.53571
DefTol: 1e-05
H0-Error: 1.720347e-06
H1-Error: 4.034414e-03
memtype: main
prec: mixprec
