maxIter:6
level-Grob:8
level-Fine:4
Total time: 0.262893
DefTol: 1e-08
H0-Error: 6.865408e-06
H1-Error: 8.068795e-03
memtype: main
prec: mixprec
