maxIter:2
level-Grob:10
level-Fine:7
Total time: 42.1598
DefTol: 1e-07
H0-Error: 5.889652e-07
H1-Error: 2.017209e-03
memtype: cuda
prec: mixprec
