maxIter:2
level-Grob:10
level-Fine:7
Total time: 578.783
DefTol: 1e-06
H0-Error: 1.980342e-06
H1-Error: 2.017222e-03
memtype: main
prec: mixprec
