maxIter:9
level-Grob:9
level-Fine:6
Time: 32.1342
DefTol: 1e-05
H0-Error: 2.862464e-06
H1-Error: 4.034419e-03
memtype: main
prec: mixprec
