maxIter:8
level-Grob:8
level-Fine:4
Total time: 0.143285
DefTol: 1e-06
H0-Error: 6.863813e-06
H1-Error: 8.068795e-03
memtype: main
prec: mixprec
