maxIter:4
level-Grob:10
level-Fine:3
Time: 6.57606
DefTol: 1e-05
H0-Error: 4.348975e-07
H1-Error: 2.017209e-03
memtype: cuda
prec: mixprec
