maxIter:1
level-Grob:10
level-Fine:2
Total time: 0.419209
DefTol: 1e-08
H0-Error: 4.291469e-07
H1-Error: 2.017209e-03
memtype: cuda
prec: mixprec
