maxIter:2
level-Grob:10
level-Fine:8
Total time: 1645.22
DefTol: 1e-05
H0-Error: 5.554315e-05
H1-Error: 2.032064e-03
memtype: main
prec: mixprec
