maxIter:7
level-Grob:7
level-Fine:5
Total time: 0.063532
DefTol: 1e-05
H0-Error: 2.808505e-05
H1-Error: 1.613732e-02
memtype: cuda
prec: mixprec
