maxIter:9
level-Grob:7
level-Fine:5
Total time: 0.04918
DefTol: 1e-05
H0-Error: 2.803667e-05
H1-Error: 1.613732e-02
memtype: cuda
prec: mixprec
