maxIter:4
level-Grob:8
level-Fine:3
Time: 1.14212
DefTol: 1e-05
H0-Error: 6.862317e-06
H1-Error: 8.068795e-03
memtype: cuda
prec: mixprec
