maxIter:3
level-Grob:9
level-Fine:5
Time: 32.5447
DefTol: 1e-06
H0-Error: 1.911808e-06
H1-Error: 4.034414e-03
memtype: main
prec: mixprec
