maxIter:5
level-Grob:8
level-Fine:2
Time: 0.270122
DefTol: 1e-05
H0-Error: 6.865390e-06
H1-Error: 8.068795e-03
memtype: main
prec: mixprec
