maxIter:20
level-Grob:9
level-Fine:3
Total time: 0.722856
DefTol: 1e-05
H0-Error: 1.716362e-06
H1-Error: 4.034414e-03
memtype: main
prec: mixprec
