maxIter:1
level-Grob:10
level-Fine:6
Total time: 358.045
DefTol: 1e-06
H0-Error: 1.908943e-06
H1-Error: 2.017221e-03
memtype: main
prec: mixprec
