maxIter:4
level-Grob:6
level-Fine:4
Total time: 0.014558
DefTol: 1e-07
H0-Error: 1.098351e-04
H1-Error: 3.227246e-02
memtype: main
prec: mixprec
