maxIter:2
level-Grob:10
level-Fine:7
Total time: 465.227
DefTol: 1e-05
H0-Error: 1.631221e-05
H1-Error: 2.018456e-03
memtype: main
prec: mixprec
