maxIter:2
level-Grob:9
level-Fine:8
Time: 3031.1
DefTol: 1e-07
H0-Error: 2.092587e-06
H1-Error: 4.034415e-03
memtype: main
prec: mixprec
