maxIter:9
level-Grob:10
level-Fine:5
Total time: 0.63878
DefTol: 1e-05
H0-Error: 6.367680e-07
H1-Error: 2.017210e-03
memtype: cuda
prec: mixprec
