maxIter:2
level-Grob:10
level-Fine:2
Total time: 1.42647
DefTol: 1e-07
H0-Error: 4.291838e-07
H1-Error: 2.017209e-03
memtype: main
prec: mixprec
