maxIter:4
level-Grob:10
level-Fine:5
Total time: 1.32046
DefTol: 1e-06
H0-Error: 7.225305e-07
H1-Error: 2.017210e-03
memtype: cuda
prec: mixprec
