maxIter:4
level-Grob:10
level-Fine:5
Total time: 23.4409
DefTol: 1e-08
H0-Error: 4.318028e-07
H1-Error: 2.017209e-03
memtype: main
prec: mixprec
