maxIter:5
level-Grob:10
level-Fine:6
Total time: 3.81286
DefTol: 1e-06
H0-Error: 6.457436e-07
H1-Error: 2.017210e-03
memtype: cuda
prec: mixprec
