maxIter:1
level-Grob:8
level-Fine:5
Time: 20.0055
DefTol: 1e-05
H0-Error: 1.418796e-05
H1-Error: 8.068872e-03
memtype: main
prec: mixprec
