maxIter:12
level-Grob:9
level-Fine:5
Total time: 1.96064
DefTol: 1e-08
H0-Error: 1.716376e-06
H1-Error: 4.034414e-03
memtype: main
prec: mixprec
