maxIter:1
level-Grob:6
level-Fine:3
Total time: 0.051356
DefTol: 1e-06
H0-Error: 1.098752e-04
H1-Error: 3.227246e-02
memtype: cuda
prec: mixprec
