maxIter:15
level-Grob:9
level-Fine:4
Total time: 0.664631
DefTol: 1e-05
H0-Error: 1.716366e-06
H1-Error: 4.034414e-03
memtype: main
prec: mixprec
