maxIter:4
level-Grob:8
level-Fine:1
Total time: 0.067095
DefTol: 1e-05
H0-Error: 6.865386e-06
H1-Error: 8.068795e-03
memtype: cuda
prec: mixprec
