maxIter:1
level-Grob:8
level-Fine:1
Time: 1.16051
DefTol: 1e-06
H0-Error: 6.867364e-06
H1-Error: 8.068795e-03
memtype: cuda
prec: mixprec
