maxIter:2
level-Grob:6
level-Fine:4
Time: 0.758797
DefTol: 1e-08
H0-Error: 1.098331e-04
H1-Error: 3.227246e-02
memtype: cuda
prec: mixprec
