maxIter:19
level-Grob:10
level-Fine:6
Total time: 0.821044
DefTol: 1e-05
H0-Error: 4.719857e-07
H1-Error: 2.017209e-03
memtype: cuda
prec: mixprec
