maxIter:3
level-Grob:7
level-Fine:6
Time: 3.0364
DefTol: 1e-06
H0-Error: 2.796578e-05
H1-Error: 1.613732e-02
memtype: cuda
prec: mixprec
