maxIter:8
level-Grob:10
level-Fine:6
Time: 165.183
DefTol: 1e-05
H0-Error: 2.098293e-06
H1-Error: 2.017227e-03
memtype: main
prec: mixprec
