maxIter:5
level-Grob:10
level-Fine:6
Time: 104.115
DefTol: 1e-07
H0-Error: 4.511277e-07
H1-Error: 2.017209e-03
memtype: cuda
prec: mixprec
