maxIter:11
level-Grob:10
level-Fine:4
Time: 12.9333
DefTol: 1e-05
H0-Error: 4.310951e-07
H1-Error: 2.017209e-03
memtype: main
prec: mixprec
