maxIter:7
level-Grob:4
level-Fine:2
Time: 0.094107
DefTol: 1e-05
H0-Error: 1.753317e-03
H1-Error: 1.289155e-01
memtype: cuda
prec: mixprec
