maxIter:1
level-Grob:11
level-Fine:3
Total time: 2.20754
DefTol: 1e-05
H0-Error: 1.504178e-07
H1-Error: 1.008605e-03
memtype: cuda
prec: mixprec
