maxIter:6
level-Grob:10
level-Fine:8
Total time: 54.3129
DefTol: 1e-08
H0-Error: 4.434418e-07
H1-Error: 2.017209e-03
memtype: cuda
prec: mixprec
