maxIter:9
level-Grob:10
level-Fine:5
Time: 17.5225
DefTol: 1e-07
H0-Error: 4.328868e-07
H1-Error: 2.017209e-03
memtype: cuda
prec: mixprec
