maxIter:7
level-Grob:6
level-Fine:3
Total time: 0.005113
DefTol: 1e-06
H0-Error: 1.098307e-04
H1-Error: 3.227246e-02
memtype: main
prec: mixprec
