maxIter:6
level-Grob:7
level-Fine:6
Total time: 0.505817
DefTol: 1e-07
H0-Error: 2.748857e-05
H1-Error: 1.613732e-02
memtype: main
prec: mixprec
