maxIter:1
level-Grob:9
level-Fine:1
Total time: 0.134026
DefTol: 1e-05
H0-Error: 1.723660e-06
H1-Error: 4.034414e-03
memtype: cuda
prec: mixprec
