maxIter:3
level-Grob:10
level-Fine:5
Total time: 34.6739
DefTol: 1e-08
H0-Error: 4.303443e-07
H1-Error: 2.017209e-03
memtype: main
prec: mixprec
