maxIter:3
level-Grob:10
level-Fine:8
Total time: 1805.15
DefTol: 1e-08
H0-Error: 4.652017e-07
H1-Error: 2.017209e-03
memtype: main
prec: mixprec
