maxIter:2
level-Grob:5
level-Fine:3
Time: 0.222329
DefTol: 1e-07
H0-Error: 4.391288e-04
H1-Error: 6.452751e-02
memtype: cuda
prec: mixprec
