maxIter:2
level-Grob:9
level-Fine:8
Total time: 352.035
DefTol: 1e-05
H0-Error: 5.095458e-05
H1-Error: 4.040408e-03
memtype: main
prec: mixprec
