maxIter:3
level-Grob:9
level-Fine:6
Total time: 17.3192
DefTol: 1e-05
H0-Error: 8.151018e-06
H1-Error: 4.034525e-03
memtype: main
prec: mixprec
