maxIter:1
level-Grob:8
level-Fine:5
Total time: 3.95377
DefTol: 1e-05
H0-Error: 1.419364e-05
H1-Error: 8.068872e-03
memtype: main
prec: mixprec
