maxIter:1
level-Grob:8
level-Fine:7
Total time: 7.89399
DefTol: 1e-06
H0-Error: 1.146410e-05
H1-Error: 8.068826e-03
memtype: cuda
prec: mixprec
