maxIter:1
level-Grob:5
level-Fine:1
Time: 0.003664
DefTol: 1e-07
H0-Error: 4.391241e-04
H1-Error: 6.452751e-02
memtype: main
prec: mixprec
