maxIter:10
level-Grob:10
level-Fine:6
Total time: 1.6912
DefTol: 1e-05
H0-Error: 1.716063e-06
H1-Error: 2.017220e-03
memtype: cuda
prec: mixprec
