maxIter:3
level-Grob:11
level-Fine:4
Total time: 28.1415
DefTol: 1e-05
H0-Error: 4.936679e-07
H1-Error: 1.008607e-03
memtype: main
prec: mixprec
