maxIter:6
level-Grob:10
level-Fine:8
Total time: 46.7785
DefTol: 1e-07
H0-Error: 5.788138e-07
H1-Error: 2.017209e-03
memtype: cuda
prec: mixprec
