maxIter:4
level-Grob:8
level-Fine:6
Total time: 2.99597
DefTol: 1e-05
H0-Error: 1.110099e-05
H1-Error: 8.068823e-03
memtype: main
prec: mixprec
