maxIter:16
level-Grob:10
level-Fine:6
Time: 100.611
DefTol: 1e-06
H0-Error: 4.485090e-07
H1-Error: 2.017209e-03
memtype: main
prec: mixprec
