maxIter:15
level-Grob:11
level-Fine:4
Total time: 18.5514
DefTol: 1e-07
H0-Error: 1.073244e-07
H1-Error: 1.008605e-03
memtype: main
prec: mixprec
