maxIter:1
level-Grob:7
level-Fine:6
Total time: 2.67942
DefTol: 1e-05
H0-Error: 5.084894e-05
H1-Error: 1.613772e-02
memtype: main
prec: mixprec
