maxIter:3
level-Grob:11
level-Fine:3
Total time: 0.938377
DefTol: 1e-06
H0-Error: 1.084668e-07
H1-Error: 1.008605e-03
memtype: cuda
prec: mixprec
