maxIter:1
level-Grob:10
level-Fine:7
Total time: 83.8903
DefTol: 1e-06
H0-Error: 4.164579e-06
H1-Error: 2.017280e-03
memtype: cuda
prec: mixprec
