maxIter:2
level-Grob:11
level-Fine:2
Total time: 0.80955
DefTol: 1e-08
H0-Error: 1.073045e-07
H1-Error: 1.008605e-03
memtype: cuda
prec: mixprec
