maxIter:6
level-Grob:10
level-Fine:3
Time: 11.9893
DefTol: 1e-07
H0-Error: 4.290882e-07
H1-Error: 2.017209e-03
memtype: main
prec: mixprec
