maxIter:2
level-Grob:4
level-Fine:2
Total time: 0.000369
DefTol: 1e-06
H0-Error: 1.753304e-03
H1-Error: 1.289155e-01
memtype: main
prec: mixprec
