maxIter:3
level-Grob:8
level-Fine:4
Time: 1.66263
DefTol: 1e-05
H0-Error: 7.405131e-06
H1-Error: 8.068795e-03
memtype: cuda
prec: mixprec
