maxIter:8
level-Grob:8
level-Fine:5
Time: 2.63558
DefTol: 1e-08
H0-Error: 6.865496e-06
H1-Error: 8.068795e-03
memtype: main
prec: mixprec
