maxIter:3
level-Grob:11
level-Fine:3
Total time: 9.90102
DefTol: 1e-05
H0-Error: 1.236565e-07
H1-Error: 1.008605e-03
memtype: main
prec: mixprec
