maxIter:1
level-Grob:10
level-Fine:3
Total time: 10.2779
DefTol: 1e-08
H0-Error: 4.291524e-07
H1-Error: 2.017209e-03
memtype: main
prec: mixprec
