maxIter:8
level-Grob:8
level-Fine:5
Time: 1.52649
DefTol: 1e-05
H0-Error: 7.084183e-06
H1-Error: 8.068795e-03
memtype: main
prec: mixprec
