maxIter:5
level-Grob:9
level-Fine:6
Total time: 10.7779
DefTol: 1e-05
H0-Error: 3.875032e-06
H1-Error: 4.034428e-03
memtype: main
prec: mixprec
