maxIter:2
level-Grob:8
level-Fine:6
Time: 38.0613
DefTol: 1e-06
H0-Error: 7.689911e-06
H1-Error: 8.068796e-03
memtype: main
prec: mixprec
