maxIter:5
level-Grob:10
level-Fine:7
Total time: 13.869
DefTol: 1e-06
H0-Error: 8.432515e-07
H1-Error: 2.017210e-03
memtype: cuda
prec: mixprec
