maxIter:7
level-Grob:10
level-Fine:6
Time: 191.014
DefTol: 1e-05
H0-Error: 2.239714e-06
H1-Error: 2.017229e-03
memtype: main
prec: mixprec
