maxIter:3
level-Grob:10
level-Fine:6
Time: 178.279
DefTol: 1e-07
H0-Error: 4.724145e-07
H1-Error: 2.017209e-03
memtype: cuda
prec: mixprec
