maxIter:12
level-Grob:10
level-Fine:6
Total time: 22.458
DefTol: 1e-05
H0-Error: 1.011539e-06
H1-Error: 2.017212e-03
memtype: main
prec: mixprec
