maxIter:9
level-Grob:10
level-Fine:6
Time: 62.7476
DefTol: 1e-08
H0-Error: 4.308212e-07
H1-Error: 2.017209e-03
memtype: cuda
prec: mixprec
