maxIter:15
level-Grob:8
level-Fine:3
Total time: 0.157317
DefTol: 1e-05
H0-Error: 6.865388e-06
H1-Error: 8.068795e-03
memtype: main
prec: mixprec
