maxIter:2
level-Grob:10
level-Fine:6
Total time: 8.17752
DefTol: 1e-05
H0-Error: 5.551934e-06
H1-Error: 2.017342e-03
memtype: cuda
prec: mixprec
