maxIter:4
level-Grob:10
level-Fine:5
Total time: 1.52356
DefTol: 1e-07
H0-Error: 4.509919e-07
H1-Error: 2.017209e-03
memtype: cuda
prec: mixprec
