maxIter:16
level-Grob:10
level-Fine:6
Time: 33.1686
DefTol: 1e-07
H0-Error: 4.302952e-07
H1-Error: 2.017209e-03
memtype: cuda
prec: mixprec
