maxIter:2
level-Grob:10
level-Fine:7
Total time: 28.5798
DefTol: 1e-05
H0-Error: 1.836582e-05
H1-Error: 2.018798e-03
memtype: cuda
prec: mixprec
