maxIter:4
level-Grob:9
level-Fine:8
Total time: 18.4662
DefTol: 1e-07
H0-Error: 1.960277e-06
H1-Error: 4.034415e-03
memtype: cuda
prec: mixprec
