maxIter:1
level-Grob:10
level-Fine:5
Time: 545.578
DefTol: 1e-06
H0-Error: 8.271906e-07
H1-Error: 2.017210e-03
memtype: main
prec: mixprec
