maxIter:15
level-Grob:10
level-Fine:5
Time: 36.0712
DefTol: 1e-07
H0-Error: 4.291058e-07
H1-Error: 2.017209e-03
memtype: main
prec: mixprec
