maxIter:2
level-Grob:8
level-Fine:6
Time: 14.4245
DefTol: 1e-06
H0-Error: 7.690061e-06
H1-Error: 8.068796e-03
memtype: cuda
prec: mixprec
