maxIter:18
level-Grob:9
level-Fine:5
Total time: 1.58739
DefTol: 1e-08
H0-Error: 1.716374e-06
H1-Error: 4.034414e-03
memtype: main
prec: mixprec
