maxIter:6
level-Grob:11
level-Fine:3
Total time: 9.15305
DefTol: 1e-07
H0-Error: 1.073006e-07
H1-Error: 1.008605e-03
memtype: main
prec: mixprec
