maxIter:16
level-Grob:11
level-Fine:4
Total time: 24.5735
DefTol: 1e-08
H0-Error: 1.073000e-07
H1-Error: 1.008605e-03
memtype: main
prec: mixprec
