maxIter:10
level-Grob:8
level-Fine:7
Time: 11.3421
DefTol: 1e-07
H0-Error: 6.892795e-06
H1-Error: 8.068795e-03
memtype: cuda
prec: mixprec
