maxIter:7
level-Grob:8
level-Fine:7
Total time: 7.14634
DefTol: 1e-06
H0-Error: 7.313111e-06
H1-Error: 8.068795e-03
memtype: main
prec: mixprec
