maxIter:7
level-Grob:10
level-Fine:7
Total time: 7.72995
DefTol: 1e-05
H0-Error: 5.779236e-06
H1-Error: 2.017356e-03
memtype: cuda
prec: mixprec
