maxIter:5
level-Grob:10
level-Fine:2
Time: 6.49744
DefTol: 1e-08
H0-Error: 4.290881e-07
H1-Error: 2.017209e-03
memtype: cuda
prec: mixprec
