maxIter:3
level-Grob:9
level-Fine:4
Total time: 0.229801
DefTol: 1e-05
H0-Error: 2.292018e-06
H1-Error: 4.034416e-03
memtype: cuda
prec: mixprec
