maxIter:15
level-Grob:10
level-Fine:6
Total time: 21.8393
DefTol: 1e-08
H0-Error: 4.295844e-07
H1-Error: 2.017209e-03
memtype: main
prec: mixprec
