maxIter:6
level-Grob:8
level-Fine:3
Time: 1.18373
DefTol: 1e-05
H0-Error: 6.865278e-06
H1-Error: 8.068795e-03
memtype: cuda
prec: mixprec
