maxIter:10
level-Grob:11
level-Fine:4
Total time: 17.9077
DefTol: 1e-07
H0-Error: 1.073034e-07
H1-Error: 1.008605e-03
memtype: main
prec: mixprec
