maxIter:20
level-Grob:8
level-Fine:1
Total time: 0.088965
DefTol: 1e-06
H0-Error: 6.865389e-06
H1-Error: 8.068795e-03
memtype: main
prec: mixprec
