maxIter:8
level-Grob:10
level-Fine:5
Total time: 9.65236
DefTol: 1e-07
H0-Error: 4.315662e-07
H1-Error: 2.017209e-03
memtype: main
prec: mixprec
