maxIter:6
level-Grob:9
level-Fine:6
Total time: 11.9614
DefTol: 1e-07
H0-Error: 1.747274e-06
H1-Error: 4.034414e-03
memtype: main
prec: mixprec
