maxIter:18
level-Grob:9
level-Fine:2
Time: 2.63287
DefTol: 1e-07
H0-Error: 1.716360e-06
H1-Error: 4.034414e-03
memtype: main
prec: mixprec
