maxIter:6
level-Grob:7
level-Fine:4
Total time: 0.042527
DefTol: 1e-06
H0-Error: 2.745860e-05
H1-Error: 1.613732e-02
memtype: cuda
prec: mixprec
