maxIter:2
level-Grob:8
level-Fine:4
Time: 1.98626
DefTol: 1e-06
H0-Error: 7.038263e-06
H1-Error: 8.068795e-03
memtype: cuda
prec: mixprec
