maxIter:17
level-Grob:10
level-Fine:4
Time: 19.5434
DefTol: 1e-05
H0-Error: 4.292525e-07
H1-Error: 2.017209e-03
memtype: main
prec: mixprec
