maxIter:4
level-Grob:9
level-Fine:6
Total time: 13.1465
DefTol: 1e-05
H0-Error: 5.712229e-06
H1-Error: 4.034459e-03
memtype: main
prec: mixprec
