maxIter:7
level-Grob:9
level-Fine:8
Total time: 10.0795
DefTol: 1e-07
H0-Error: 1.836580e-06
H1-Error: 4.034414e-03
memtype: cuda
prec: mixprec
