maxIter:14
level-Grob:10
level-Fine:6
Time: 108.278
DefTol: 1e-05
H0-Error: 7.655690e-07
H1-Error: 2.017210e-03
memtype: main
prec: mixprec
