maxIter:2
level-Grob:7
level-Fine:1
Time: 0.523432
DefTol: 1e-07
H0-Error: 2.746078e-05
H1-Error: 1.613732e-02
memtype: cuda
prec: mixprec
