maxIter:12
level-Grob:9
level-Fine:5
Total time: 0.223143
DefTol: 1e-06
H0-Error: 1.725276e-06
H1-Error: 4.034414e-03
memtype: cuda
prec: mixprec
