maxIter:10
level-Grob:9
level-Fine:6
Total time: 5.34935
DefTol: 1e-05
H0-Error: 2.944726e-06
H1-Error: 4.034420e-03
memtype: main
prec: mixprec
