maxIter:4
level-Grob:10
level-Fine:4
Time: 13.5803
DefTol: 1e-07
H0-Error: 4.315831e-07
H1-Error: 2.017209e-03
memtype: cuda
prec: mixprec
