maxIter:11
level-Grob:10
level-Fine:5
Total time: 8.87331
DefTol: 1e-07
H0-Error: 4.304162e-07
H1-Error: 2.017209e-03
memtype: main
prec: mixprec
