maxIter:3
level-Grob:10
level-Fine:1
Total time: 0.288952
DefTol: 1e-06
H0-Error: 4.290976e-07
H1-Error: 2.017209e-03
memtype: cuda
prec: mixprec
