maxIter:1
level-Grob:10
level-Fine:6
Time: 586.917
DefTol: 1e-06
H0-Error: 1.835395e-06
H1-Error: 2.017220e-03
memtype: cuda
prec: mixprec
