maxIter:6
level-Grob:7
level-Fine:4
Total time: 0.03967
DefTol: 1e-05
H0-Error: 2.745657e-05
H1-Error: 1.613732e-02
memtype: cuda
prec: mixprec
