maxIter:4
level-Grob:9
level-Fine:5
Time: 21.1354
DefTol: 1e-06
H0-Error: 2.101492e-06
H1-Error: 4.034415e-03
memtype: main
prec: mixprec
