maxIter:14
level-Grob:10
level-Fine:6
Time: 145.27
DefTol: 1e-07
H0-Error: 4.330168e-07
H1-Error: 2.017209e-03
memtype: main
prec: mixprec
