maxIter:10
level-Grob:10
level-Fine:7
Total time: 111.234
DefTol: 1e-06
H0-Error: 6.237847e-07
H1-Error: 2.017210e-03
memtype: main
prec: mixprec
