maxIter:9
level-Grob:9
level-Fine:3
Time: 2.84517
DefTol: 1e-06
H0-Error: 1.716359e-06
H1-Error: 4.034414e-03
memtype: cuda
prec: mixprec
