maxIter:8
level-Grob:9
level-Fine:5
Time: 10.9373
DefTol: 1e-06
H0-Error: 1.742050e-06
H1-Error: 4.034414e-03
memtype: main
prec: mixprec
