maxIter:15
level-Grob:10
level-Fine:6
Total time: 13.4519
DefTol: 1e-05
H0-Error: 7.201386e-07
H1-Error: 2.017211e-03
memtype: main
prec: mixprec
