maxIter:1
level-Grob:6
level-Fine:5
Time: 1.10711
DefTol: 1e-08
H0-Error: 1.098398e-04
H1-Error: 3.227246e-02
memtype: main
prec: mixprec
