maxIter:1
level-Grob:10
level-Fine:1
Total time: 1.2414
DefTol: 1e-08
H0-Error: 4.291051e-07
H1-Error: 2.017209e-03
memtype: main
prec: mixprec
