maxIter:4
level-Grob:9
level-Fine:8
Time: 1442.31
DefTol: 1e-07
H0-Error: 1.960328e-06
H1-Error: 4.034415e-03
memtype: main
prec: mixprec
