maxIter:7
level-Grob:10
level-Fine:5
Total time: 0.821717
DefTol: 1e-05
H0-Error: 8.368834e-07
H1-Error: 2.017211e-03
memtype: cuda
prec: mixprec
