maxIter:10
level-Grob:10
level-Fine:2
Total time: 2.00389
DefTol: 1e-06
H0-Error: 4.291330e-07
H1-Error: 2.017209e-03
memtype: main
prec: mixprec
