maxIter:12
level-Grob:10
level-Fine:4
Time: 24.0331
DefTol: 1e-07
H0-Error: 4.290883e-07
H1-Error: 2.017209e-03
memtype: main
prec: mixprec
