maxIter:16
level-Grob:3
level-Fine:2
Time: 0.035592
DefTol: 1e-05
H0-Error: 6.962300e-03
H1-Error: 2.567055e-01
memtype: cuda
prec: mixprec
