maxIter:3
level-Grob:9
level-Fine:3
Time: 2.33267
DefTol: 1e-05
H0-Error: 1.743126e-06
H1-Error: 4.034414e-03
memtype: main
prec: mixprec
