maxIter:6
level-Grob:6
level-Fine:4
Time: 0.340091
DefTol: 1e-05
H0-Error: 1.097290e-04
H1-Error: 3.227246e-02
memtype: cuda
prec: mixprec
