maxIter:1
level-Grob:9
level-Fine:5
Time: 29.7626
DefTol: 1e-05
H0-Error: 7.515734e-06
H1-Error: 4.034503e-03
memtype: cuda
prec: mixprec
