maxIter:1
level-Grob:10
level-Fine:1
Time: 6.7847
DefTol: 1e-07
H0-Error: 4.291380e-07
H1-Error: 2.017209e-03
memtype: main
prec: mixprec
