maxIter:5
level-Grob:10
level-Fine:8
Total time: 814.955
DefTol: 1e-06
H0-Error: 1.727755e-06
H1-Error: 2.017218e-03
memtype: main
prec: mixprec
