maxIter:13
level-Grob:10
level-Fine:5
Time: 45.1408
DefTol: 1e-07
H0-Error: 4.292354e-07
H1-Error: 2.017209e-03
memtype: main
prec: mixprec
