maxIter:1
level-Grob:10
level-Fine:7
Total time: 977.918
DefTol: 1e-07
H0-Error: 1.245572e-06
H1-Error: 2.017213e-03
memtype: main
prec: mixprec
