maxIter:13
level-Grob:11
level-Fine:6
Total time: 90.725
DefTol: 1e-05
H0-Error: 3.824406e-07
H1-Error: 1.008606e-03
memtype: main
prec: mixprec
