maxIter:1
level-Grob:10
level-Fine:4
Total time: 1.7241
DefTol: 1e-05
H0-Error: 1.265881e-06
H1-Error: 2.017213e-03
memtype: cuda
prec: mixprec
