maxIter:3
level-Grob:6
level-Fine:3
Total time: 0.004145
DefTol: 1e-05
H0-Error: 1.098002e-04
H1-Error: 3.227246e-02
memtype: main
prec: mixprec
