maxIter:7
level-Grob:9
level-Fine:6
Time: 19.2975
DefTol: 1e-07
H0-Error: 1.735910e-06
H1-Error: 4.034414e-03
memtype: cuda
prec: mixprec
