maxIter:12
level-Grob:10
level-Fine:6
Time: 183.273
DefTol: 1e-07
H0-Error: 4.355770e-07
H1-Error: 2.017209e-03
memtype: main
prec: mixprec
