maxIter:9
level-Grob:8
level-Fine:6
Total time: 1.28778
DefTol: 1e-05
H0-Error: 8.111489e-06
H1-Error: 8.068798e-03
memtype: main
prec: mixprec
