maxIter:3
level-Grob:5
level-Fine:3
Total time: 0.017766
DefTol: 1e-06
H0-Error: 4.391131e-04
H1-Error: 6.452751e-02
memtype: cuda
prec: mixprec
