maxIter:13
level-Grob:10
level-Fine:6
Total time: 1.85032
DefTol: 1e-07
H0-Error: 4.368844e-07
H1-Error: 2.017209e-03
memtype: cuda
prec: mixprec
