maxIter:6
level-Grob:9
level-Fine:5
Total time: 0.373276
DefTol: 1e-06
H0-Error: 1.810398e-06
H1-Error: 4.034414e-03
memtype: cuda
prec: mixprec
