maxIter:2
level-Grob:6
level-Fine:3
Total time: 0.005844
DefTol: 1e-05
H0-Error: 1.102471e-04
H1-Error: 3.227246e-02
memtype: main
prec: mixprec
