maxIter:8
level-Grob:10
level-Fine:4
Time: 19.2813
DefTol: 1e-08
H0-Error: 4.290969e-07
H1-Error: 2.017209e-03
memtype: main
prec: mixprec
