maxIter:9
level-Grob:10
level-Fine:8
Total time: 37.3784
DefTol: 1e-08
H0-Error: 4.344128e-07
H1-Error: 2.017209e-03
memtype: cuda
prec: mixprec
