maxIter:1
level-Grob:10
level-Fine:1
Total time: 0.297479
DefTol: 1e-05
H0-Error: 4.352611e-07
H1-Error: 2.017209e-03
memtype: cuda
prec: mixprec
