maxIter:2
level-Grob:5
level-Fine:4
Time: 0.036235
DefTol: 1e-08
H0-Error: 4.391258e-04
H1-Error: 6.452751e-02
memtype: main
prec: mixprec
