maxIter:2
level-Grob:10
level-Fine:6
Total time: 207.707
DefTol: 1e-08
H0-Error: 4.338404e-07
H1-Error: 2.017209e-03
memtype: main
prec: mixprec
