maxIter:8
level-Grob:8
level-Fine:4
Total time: 0.097417
DefTol: 1e-08
H0-Error: 6.865374e-06
H1-Error: 8.068795e-03
memtype: cuda
prec: mixprec
