maxIter:14
level-Grob:10
level-Fine:5
Total time: 6.43187
DefTol: 1e-08
H0-Error: 4.291321e-07
H1-Error: 2.017209e-03
memtype: main
prec: mixprec
