maxIter:13
level-Grob:10
level-Fine:5
Time: 16.8192
DefTol: 1e-08
H0-Error: 4.291384e-07
H1-Error: 2.017209e-03
memtype: cuda
prec: mixprec
