maxIter:2
level-Grob:10
level-Fine:1
Time: 5.64131
DefTol: 1e-07
H0-Error: 4.290891e-07
H1-Error: 2.017209e-03
memtype: main
prec: mixprec
