maxIter:19
level-Grob:4
level-Fine:3
Time: 0.105102
DefTol: 1e-06
H0-Error: 1.753315e-03
H1-Error: 1.289155e-01
memtype: cuda
prec: mixprec
