maxIter:3
level-Grob:11
level-Fine:1
Total time: 0.72617
DefTol: 1e-08
H0-Error: 1.072999e-07
H1-Error: 1.008605e-03
memtype: cuda
prec: mixprec
