maxIter:9
level-Grob:7
level-Fine:4
Total time: 0.02703
DefTol: 1e-05
H0-Error: 2.746043e-05
H1-Error: 1.613732e-02
memtype: main
prec: mixprec
