maxIter:1
level-Grob:10
level-Fine:3
Total time: 9.13693
DefTol: 1e-07
H0-Error: 4.296680e-07
H1-Error: 2.017209e-03
memtype: main
prec: mixprec
