maxIter:2
level-Grob:8
level-Fine:7
Total time: 38.5215
DefTol: 1e-08
H0-Error: 6.884025e-06
H1-Error: 8.068795e-03
memtype: main
prec: mixprec
