maxIter:4
level-Grob:8
level-Fine:6
Time: 20.9583
DefTol: 1e-07
H0-Error: 6.905538e-06
H1-Error: 8.068795e-03
memtype: main
prec: mixprec
