maxIter:1
level-Grob:8
level-Fine:3
Time: 1.69447
DefTol: 1e-05
H0-Error: 7.005159e-06
H1-Error: 8.068795e-03
memtype: main
prec: mixprec
