maxIter:5
level-Grob:8
level-Fine:6
Total time: 3.49673
DefTol: 1e-07
H0-Error: 6.887951e-06
H1-Error: 8.068795e-03
memtype: main
prec: mixprec
