maxIter:1
level-Grob:10
level-Fine:1
Total time: 0.296633
DefTol: 1e-06
H0-Error: 4.305005e-07
H1-Error: 2.017209e-03
memtype: cuda
prec: mixprec
