maxIter:10
level-Grob:5
level-Fine:3
Time: 0.004012
DefTol: 1e-05
H0-Error: 4.391400e-04
H1-Error: 6.452751e-02
memtype: main
prec: mixprec
