maxIter:5
level-Grob:8
level-Fine:7
Time: 41.2456
DefTol: 1e-05
H0-Error: 1.324457e-05
H1-Error: 8.068854e-03
memtype: main
prec: mixprec
