maxIter:5
level-Grob:9
level-Fine:3
Total time: 0.151489
DefTol: 1e-07
H0-Error: 1.716406e-06
H1-Error: 4.034414e-03
memtype: cuda
prec: mixprec
