maxIter:14
level-Grob:10
level-Fine:4
Time: 21.6609
DefTol: 1e-06
H0-Error: 4.290888e-07
H1-Error: 2.017209e-03
memtype: main
prec: mixprec
