maxIter:5
level-Grob:8
level-Fine:6
Total time: 4.09101
DefTol: 1e-08
H0-Error: 6.867520e-06
H1-Error: 8.068795e-03
memtype: main
prec: mixprec
