maxIter:2
level-Grob:9
level-Fine:4
Time: 6.44469
DefTol: 1e-07
H0-Error: 1.725098e-06
H1-Error: 4.034414e-03
memtype: cuda
prec: mixprec
