maxIter:2
level-Grob:10
level-Fine:3
Time: 19.9454
DefTol: 1e-06
H0-Error: 4.394652e-07
H1-Error: 2.017209e-03
memtype: main
prec: mixprec
