maxIter:5
level-Grob:6
level-Fine:4
Total time: 0.010714
DefTol: 1e-06
H0-Error: 1.098160e-04
H1-Error: 3.227246e-02
memtype: main
prec: mixprec
