maxIter:3
level-Grob:10
level-Fine:4
Time: 40.8991
DefTol: 1e-06
H0-Error: 4.694991e-07
H1-Error: 2.017209e-03
memtype: main
prec: mixprec
