maxIter:3
level-Grob:10
level-Fine:8
Total time: 1305.6
DefTol: 1e-06
H0-Error: 4.489947e-06
H1-Error: 2.017293e-03
memtype: main
prec: mixprec
