maxIter:11
level-Grob:11
level-Fine:6
Total time: 145.144
DefTol: 1e-07
H0-Error: 1.167548e-07
H1-Error: 1.008605e-03
memtype: main
prec: mixprec
