maxIter:6
level-Grob:11
level-Fine:1
Total time: 5.48795
DefTol: 1e-05
H0-Error: 1.131131e-07
H1-Error: 1.008605e-03
memtype: main
prec: mixprec
