maxIter:2
level-Grob:10
level-Fine:6
Total time: 153.87
DefTol: 1e-06
H0-Error: 9.232326e-07
H1-Error: 2.017211e-03
memtype: main
prec: mixprec
