maxIter:2
level-Grob:10
level-Fine:2
Time: 7.30825
DefTol: 1e-07
H0-Error: 4.292223e-07
H1-Error: 2.017209e-03
memtype: main
prec: mixprec
