maxIter:2
level-Grob:8
level-Fine:2
Total time: 0.078219
DefTol: 1e-07
H0-Error: 6.865565e-06
H1-Error: 8.068795e-03
memtype: cuda
prec: mixprec
