maxIter:1
level-Grob:10
level-Fine:7
Total time: 100.894
DefTol: 1e-07
H0-Error: 7.761432e-07
H1-Error: 2.017210e-03
memtype: cuda
prec: mixprec
