maxIter:1
level-Grob:7
level-Fine:1
Time: 0.527738
DefTol: 1e-06
H0-Error: 2.746308e-05
H1-Error: 1.613732e-02
memtype: cuda
prec: mixprec
