maxIter:5
level-Grob:10
level-Fine:5
Time: 26.9218
DefTol: 1e-06
H0-Error: 5.107777e-07
H1-Error: 2.017209e-03
memtype: cuda
prec: mixprec
