maxIter:10
level-Grob:10
level-Fine:8
Total time: 20.3285
DefTol: 1e-05
H0-Error: 5.815009e-06
H1-Error: 2.017357e-03
memtype: cuda
prec: mixprec
