maxIter:15
level-Grob:10
level-Fine:5
Total time: 0.4672
DefTol: 1e-05
H0-Error: 4.331412e-07
H1-Error: 2.017209e-03
memtype: cuda
prec: mixprec
