maxIter:19
level-Grob:11
level-Fine:6
Total time: 103.622
DefTol: 1e-07
H0-Error: 1.087859e-07
H1-Error: 1.008605e-03
memtype: main
prec: mixprec
