maxIter:1
level-Grob:9
level-Fine:8
Total time: 108.089
DefTol: 1e-07
H0-Error: 2.505832e-06
H1-Error: 4.034416e-03
memtype: cuda
prec: mixprec
