maxIter:2
level-Grob:7
level-Fine:6
Time: 5.63408
DefTol: 1e-05
H0-Error: 3.559844e-05
H1-Error: 1.613737e-02
memtype: main
prec: mixprec
