maxIter:4
level-Grob:10
level-Fine:5
Time: 103.792
DefTol: 1e-06
H0-Error: 7.243130e-07
H1-Error: 2.017210e-03
memtype: main
prec: mixprec
