maxIter:3
level-Grob:9
level-Fine:7
Time: 455.063
DefTol: 1e-06
H0-Error: 3.422148e-06
H1-Error: 4.034423e-03
memtype: main
prec: mixprec
