maxIter:3
level-Grob:10
level-Fine:4
Time: 57.2612
DefTol: 1e-08
H0-Error: 4.294987e-07
H1-Error: 2.017209e-03
memtype: main
prec: mixprec
