maxIter:1
level-Grob:5
level-Fine:2
Total time: 0.020511
DefTol: 1e-06
H0-Error: 4.391521e-04
H1-Error: 6.452751e-02
memtype: cuda
prec: mixprec
