maxIter:1
level-Grob:7
level-Fine:5
Time: 5.36313
DefTol: 1e-07
H0-Error: 2.755801e-05
H1-Error: 1.613732e-02
memtype: main
prec: mixprec
