maxIter:2
level-Grob:7
level-Fine:2
Total time: 0.038161
DefTol: 1e-06
H0-Error: 2.745877e-05
H1-Error: 1.613732e-02
memtype: cuda
prec: mixprec
