maxIter:2
level-Grob:6
level-Fine:5
Time: 1.14863
DefTol: 1e-06
H0-Error: 1.101511e-04
H1-Error: 3.227246e-02
memtype: cuda
prec: mixprec
