maxIter:10
level-Grob:10
level-Fine:6
Total time: 2.68869
DefTol: 1e-08
H0-Error: 4.300263e-07
H1-Error: 2.017209e-03
memtype: cuda
prec: mixprec
