maxIter:2
level-Grob:8
level-Fine:3
Time: 1.30865
DefTol: 1e-06
H0-Error: 6.881005e-06
H1-Error: 8.068795e-03
memtype: cuda
prec: mixprec
