maxIter:4
level-Grob:10
level-Fine:7
Total time: 13.5706
DefTol: 1e-05
H0-Error: 1.079910e-05
H1-Error: 2.017747e-03
memtype: cuda
prec: mixprec
