maxIter:10
level-Grob:8
level-Fine:5
Time: 1.84709
DefTol: 1e-07
H0-Error: 6.865927e-06
H1-Error: 8.068795e-03
memtype: main
prec: mixprec
