maxIter:10
level-Grob:9
level-Fine:7
Total time: 2.56935
DefTol: 1e-08
H0-Error: 1.718300e-06
H1-Error: 4.034414e-03
memtype: cuda
prec: mixprec
