maxIter:5
level-Grob:6
level-Fine:5
Time: 0.759127
DefTol: 1e-08
H0-Error: 1.098320e-04
H1-Error: 3.227246e-02
memtype: cuda
prec: mixprec
