maxIter:6
level-Grob:9
level-Fine:6
Total time: 1.23795
DefTol: 1e-08
H0-Error: 1.719438e-06
H1-Error: 4.034414e-03
memtype: cuda
prec: mixprec
