maxIter:20
level-Grob:10
level-Fine:4
Time: 22.8702
DefTol: 1e-05
H0-Error: 4.292532e-07
H1-Error: 2.017209e-03
memtype: main
prec: mixprec
