maxIter:5
level-Grob:10
level-Fine:5
Time: 22.8423
DefTol: 1e-05
H0-Error: 1.442934e-06
H1-Error: 2.017216e-03
memtype: cuda
prec: mixprec
