maxIter:2
level-Grob:8
level-Fine:3
Time: 0.689811
DefTol: 1e-05
H0-Error: 7.116418e-06
H1-Error: 8.068795e-03
memtype: main
prec: mixprec
