maxIter:3
level-Grob:6
level-Fine:1
Time: 0.01218
DefTol: 1e-08
H0-Error: 1.098307e-04
H1-Error: 3.227246e-02
memtype: main
prec: mixprec
