maxIter:6
level-Grob:9
level-Fine:3
Time: 1.62532
DefTol: 1e-05
H0-Error: 1.718271e-06
H1-Error: 4.034414e-03
memtype: main
prec: mixprec
