maxIter:14
level-Grob:10
level-Fine:6
Time: 31.0797
DefTol: 1e-05
H0-Error: 7.582813e-07
H1-Error: 2.017210e-03
memtype: cuda
prec: mixprec
