maxIter:5
level-Grob:9
level-Fine:4
Total time: 1.02179
DefTol: 1e-07
H0-Error: 1.717613e-06
H1-Error: 4.034414e-03
memtype: main
prec: mixprec
