maxIter:2
level-Grob:8
level-Fine:2
Total time: 0.066856
DefTol: 1e-06
H0-Error: 6.866094e-06
H1-Error: 8.068795e-03
memtype: main
prec: mixprec
