maxIter:6
level-Grob:10
level-Fine:5
Time: 63.0845
DefTol: 1e-05
H0-Error: 1.298862e-06
H1-Error: 2.017215e-03
memtype: main
prec: mixprec
