maxIter:6
level-Grob:10
level-Fine:5
Total time: 1.0551
DefTol: 1e-06
H0-Error: 4.924998e-07
H1-Error: 2.017209e-03
memtype: cuda
prec: mixprec
