maxIter:16
level-Grob:9
level-Fine:5
Time: 7.90728
DefTol: 1e-07
H0-Error: 1.716426e-06
H1-Error: 4.034414e-03
memtype: main
prec: mixprec
