maxIter:1
level-Grob:5
level-Fine:3
Time: 0.248942
DefTol: 1e-05
H0-Error: 4.400095e-04
H1-Error: 6.452751e-02
memtype: cuda
prec: mixprec
