maxIter:7
level-Grob:8
level-Fine:4
Time: 1.25623
DefTol: 1e-08
H0-Error: 6.865372e-06
H1-Error: 8.068795e-03
memtype: cuda
prec: mixprec
