maxIter:4
level-Grob:11
level-Fine:3
Total time: 1.01831
DefTol: 1e-08
H0-Error: 1.073004e-07
H1-Error: 1.008605e-03
memtype: cuda
prec: mixprec
