maxIter:4
level-Grob:9
level-Fine:7
Time: 135.969
DefTol: 1e-08
H0-Error: 1.726745e-06
H1-Error: 4.034414e-03
memtype: cuda
prec: mixprec
