maxIter:8
level-Grob:10
level-Fine:5
Total time: 0.69091
DefTol: 1e-05
H0-Error: 6.630253e-07
H1-Error: 2.017210e-03
memtype: cuda
prec: mixprec
