maxIter:10
level-Grob:9
level-Fine:7
Time: 40.3804
DefTol: 1e-06
H0-Error: 1.937171e-06
H1-Error: 4.034414e-03
memtype: cuda
prec: mixprec
