maxIter:4
level-Grob:11
level-Fine:4
Total time: 18.9888
DefTol: 1e-05
H0-Error: 2.864380e-07
H1-Error: 1.008606e-03
memtype: main
prec: mixprec
