maxIter:2
level-Grob:9
level-Fine:7
Time: 721.318
DefTol: 1e-06
H0-Error: 3.841376e-06
H1-Error: 4.034427e-03
memtype: main
prec: mixprec
