maxIter:19
level-Grob:10
level-Fine:6
Time: 67.0423
DefTol: 1e-06
H0-Error: 4.308175e-07
H1-Error: 2.017209e-03
memtype: main
prec: mixprec
