maxIter:3
level-Grob:9
level-Fine:6
Total time: 1.85481
DefTol: 1e-06
H0-Error: 2.362765e-06
H1-Error: 4.034416e-03
memtype: cuda
prec: mixprec
