maxIter:5
level-Grob:2
level-Fine:1
Total time: 0.00191
DefTol: 1e-05
H0-Error: 2.702810e-02
H1-Error: 5.041381e-01
memtype: cuda
prec: mixprec
