maxIter:1
level-Grob:10
level-Fine:7
Time: 6127.22
DefTol: 1e-05
H0-Error: 4.166760e-05
H1-Error: 2.025545e-03
memtype: main
prec: mixprec
