maxIter:3
level-Grob:9
level-Fine:6
Time: 94.9922
DefTol: 1e-05
H0-Error: 8.148367e-06
H1-Error: 4.034525e-03
memtype: main
prec: mixprec
