maxIter:3
level-Grob:10
level-Fine:5
Time: 35.7054
DefTol: 1e-05
H0-Error: 1.961711e-06
H1-Error: 2.017223e-03
memtype: cuda
prec: mixprec
