maxIter:12
level-Grob:3
level-Fine:1
Total time: 0.000177
DefTol: 1e-06
H0-Error: 6.962318e-03
H1-Error: 2.567055e-01
memtype: main
prec: mixprec
