maxIter:3
level-Grob:4
level-Fine:1
Time: 0.001316
DefTol: 1e-05
H0-Error: 1.753315e-03
H1-Error: 1.289155e-01
memtype: main
prec: mixprec
