maxIter:4
level-Grob:10
level-Fine:4
Time: 15.2733
DefTol: 1e-08
H0-Error: 4.292390e-07
H1-Error: 2.017209e-03
memtype: cuda
prec: mixprec
