maxIter:10
level-Grob:9
level-Fine:8
Time: 123.604
DefTol: 1e-05
H0-Error: 8.697034e-06
H1-Error: 4.034543e-03
memtype: cuda
prec: mixprec
