maxIter:1
level-Grob:9
level-Fine:7
Time: 1940.9
DefTol: 1e-07
H0-Error: 2.175334e-06
H1-Error: 4.034415e-03
memtype: main
prec: mixprec
