maxIter:1
level-Grob:8
level-Fine:6
Total time: 1.90209
DefTol: 1e-05
H0-Error: 3.333177e-05
H1-Error: 8.069712e-03
memtype: cuda
prec: mixprec
