maxIter:3
level-Grob:10
level-Fine:3
Time: 6.70624
DefTol: 1e-05
H0-Error: 4.382595e-07
H1-Error: 2.017209e-03
memtype: cuda
prec: mixprec
