maxIter:7
level-Grob:8
level-Fine:5
Time: 2.12238
DefTol: 1e-07
H0-Error: 6.872736e-06
H1-Error: 8.068795e-03
memtype: cuda
prec: mixprec
