maxIter:2
level-Grob:10
level-Fine:6
Total time: 9.91336
DefTol: 1e-06
H0-Error: 8.986475e-07
H1-Error: 2.017211e-03
memtype: cuda
prec: mixprec
