maxIter:18
level-Grob:10
level-Fine:6
Time: 77.1965
DefTol: 1e-06
H0-Error: 4.321238e-07
H1-Error: 2.017209e-03
memtype: main
prec: mixprec
