maxIter:2
level-Grob:7
level-Fine:3
Time: 0.203837
DefTol: 1e-08
H0-Error: 2.746123e-05
H1-Error: 1.613732e-02
memtype: main
prec: mixprec
