maxIter:1
level-Grob:9
level-Fine:6
Time: 117.43
DefTol: 1e-05
H0-Error: 2.052827e-05
H1-Error: 4.035305e-03
memtype: cuda
prec: mixprec
