maxIter:2
level-Grob:8
level-Fine:6
Total time: 7.91297
DefTol: 1e-06
H0-Error: 7.690418e-06
H1-Error: 8.068796e-03
memtype: main
prec: mixprec
