maxIter:8
level-Grob:10
level-Fine:6
Total time: 27.995
DefTol: 1e-05
H0-Error: 2.245778e-06
H1-Error: 2.017230e-03
memtype: main
prec: mixprec
