maxIter:3
level-Grob:9
level-Fine:5
Time: 8.95577
DefTol: 1e-05
H0-Error: 3.942775e-06
H1-Error: 4.034430e-03
memtype: cuda
prec: mixprec
