maxIter:20
level-Grob:10
level-Fine:3
Time: 18.9004
DefTol: 1e-06
H0-Error: 4.292352e-07
H1-Error: 2.017209e-03
memtype: main
prec: mixprec
