maxIter:5
level-Grob:8
level-Fine:7
Time: 26.2195
DefTol: 1e-08
H0-Error: 6.871369e-06
H1-Error: 8.068795e-03
memtype: cuda
prec: mixprec
