maxIter:5
level-Grob:6
level-Fine:4
Time: 0.030708
DefTol: 1e-05
H0-Error: 1.095442e-04
H1-Error: 3.227246e-02
memtype: main
prec: mixprec
