maxIter:1
level-Grob:10
level-Fine:3
Time: 38.512
DefTol: 1e-05
H0-Error: 4.921997e-07
H1-Error: 2.017209e-03
memtype: main
prec: mixprec
