maxIter:1
level-Grob:10
level-Fine:8
Total time: 1952.61
DefTol: 1e-05
H0-Error: 1.912818e-04
H1-Error: 2.188409e-03
memtype: main
prec: mixprec
