maxIter:2
level-Grob:8
level-Fine:2
Total time: 0.075991
DefTol: 1e-07
H0-Error: 6.865563e-06
H1-Error: 8.068795e-03
memtype: main
prec: mixprec
