maxIter:9
level-Grob:8
level-Fine:6
Time: 3.23143
DefTol: 1e-06
H0-Error: 7.016002e-06
H1-Error: 8.068795e-03
memtype: cuda
prec: mixprec
