maxIter:17
level-Grob:10
level-Fine:5
Total time: 8.35856
DefTol: 1e-08
H0-Error: 4.291052e-07
H1-Error: 2.017209e-03
memtype: main
prec: mixprec
