maxIter:15
level-Grob:9
level-Fine:5
Time: 7.40331
DefTol: 1e-07
H0-Error: 1.716589e-06
H1-Error: 4.034414e-03
memtype: main
prec: mixprec
