maxIter:8
level-Grob:10
level-Fine:8
Total time: 414.002
DefTol: 1e-05
H0-Error: 8.578351e-06
H1-Error: 2.017542e-03
memtype: main
prec: mixprec
