maxIter:4
level-Grob:9
level-Fine:5
Time: 6.65635
DefTol: 1e-05
H0-Error: 5.233897e-06
H1-Error: 4.034456e-03
memtype: cuda
prec: mixprec
