maxIter:2
level-Grob:9
level-Fine:8
Time: 687.497
DefTol: 1e-05
H0-Error: 4.585561e-05
H1-Error: 4.039237e-03
memtype: cuda
prec: mixprec
