maxIter:19
level-Grob:9
level-Fine:5
Time: 7.75869
DefTol: 1e-07
H0-Error: 1.716395e-06
H1-Error: 4.034414e-03
memtype: main
prec: mixprec
