maxIter:2
level-Grob:9
level-Fine:4
Time: 5.13775
DefTol: 1e-05
H0-Error: 2.689359e-06
H1-Error: 4.034418e-03
memtype: cuda
prec: mixprec
