maxIter:6
level-Grob:8
level-Fine:4
Time: 1.38435
DefTol: 1e-08
H0-Error: 6.865508e-06
H1-Error: 8.068795e-03
memtype: cuda
prec: mixprec
