maxIter:4
level-Grob:9
level-Fine:6
Time: 107.515
DefTol: 1e-07
H0-Error: 1.752251e-06
H1-Error: 4.034414e-03
memtype: main
prec: mixprec
