maxIter:2
level-Grob:9
level-Fine:8
Total time: 35.4281
DefTol: 1e-06
H0-Error: 5.951917e-06
H1-Error: 4.034463e-03
memtype: cuda
prec: mixprec
