maxIter:7
level-Grob:9
level-Fine:5
Time: 11.9874
DefTol: 1e-05
H0-Error: 2.042213e-06
H1-Error: 4.034415e-03
memtype: main
prec: mixprec
