maxIter:10
level-Grob:8
level-Fine:6
Total time: 0.244223
DefTol: 1e-06
H0-Error: 6.984685e-06
H1-Error: 8.068795e-03
memtype: cuda
prec: mixprec
