maxIter:10
level-Grob:8
level-Fine:5
Time: 1.5208
DefTol: 1e-06
H0-Error: 6.875191e-06
H1-Error: 8.068795e-03
memtype: main
prec: mixprec
