maxIter:2
level-Grob:10
level-Fine:1
Total time: 0.280037
DefTol: 1e-06
H0-Error: 4.290644e-07
H1-Error: 2.017209e-03
memtype: cuda
prec: mixprec
