maxIter:2
level-Grob:10
level-Fine:6
Time: 194.581
DefTol: 1e-05
H0-Error: 5.552051e-06
H1-Error: 2.017342e-03
memtype: cuda
prec: mixprec
