maxIter:3
level-Grob:7
level-Fine:2
Time: 0.496266
DefTol: 1e-05
H0-Error: 2.745874e-05
H1-Error: 1.613732e-02
memtype: cuda
prec: mixprec
