maxIter:3
level-Grob:8
level-Fine:2
Time: 1.11187
DefTol: 1e-08
H0-Error: 6.865386e-06
H1-Error: 8.068795e-03
memtype: cuda
prec: mixprec
