maxIter:9
level-Grob:10
level-Fine:8
Total time: 623.552
DefTol: 1e-08
H0-Error: 4.342298e-07
H1-Error: 2.017209e-03
memtype: main
prec: mixprec
