maxIter:5
level-Grob:7
level-Fine:4
Time: 0.736917
DefTol: 1e-07
H0-Error: 2.746193e-05
H1-Error: 1.613732e-02
memtype: cuda
prec: mixprec
