maxIter:3
level-Grob:6
level-Fine:5
Total time: 0.07934
DefTol: 1e-08
H0-Error: 1.098331e-04
H1-Error: 3.227246e-02
memtype: main
prec: mixprec
