maxIter:9
level-Grob:7
level-Fine:4
Total time: 0.041994
DefTol: 1e-05
H0-Error: 2.746042e-05
H1-Error: 1.613732e-02
memtype: cuda
prec: mixprec
