maxIter:3
level-Grob:9
level-Fine:6
Total time: 2.17995
DefTol: 1e-07
H0-Error: 1.776772e-06
H1-Error: 4.034414e-03
memtype: cuda
prec: mixprec
