maxIter:9
level-Grob:8
level-Fine:7
Time: 11.0645
DefTol: 1e-06
H0-Error: 7.106553e-06
H1-Error: 8.068795e-03
memtype: cuda
prec: mixprec
