maxIter:4
level-Grob:9
level-Fine:2
Time: 2.4882
DefTol: 1e-05
H0-Error: 1.716498e-06
H1-Error: 4.034414e-03
memtype: cuda
prec: mixprec
