maxIter:7
level-Grob:8
level-Fine:5
Total time: 0.57617
DefTol: 1e-06
H0-Error: 6.931558e-06
H1-Error: 8.068795e-03
memtype: main
prec: mixprec
