maxIter:3
level-Grob:9
level-Fine:8
Time: 746.291
DefTol: 1e-08
H0-Error: 1.742397e-06
H1-Error: 4.034414e-03
memtype: cuda
prec: mixprec
