maxIter:20
level-Grob:10
level-Fine:5
Total time: 0.550178
DefTol: 1e-05
H0-Error: 4.295777e-07
H1-Error: 2.017209e-03
memtype: cuda
prec: mixprec
