maxIter:7
level-Grob:10
level-Fine:8
Total time: 39.9083
DefTol: 1e-07
H0-Error: 5.536132e-07
H1-Error: 2.017209e-03
memtype: cuda
prec: mixprec
