maxIter:10
level-Grob:7
level-Fine:4
Time: 0.630582
DefTol: 1e-08
H0-Error: 2.746077e-05
H1-Error: 1.613732e-02
memtype: cuda
prec: mixprec
