maxIter:3
level-Grob:9
level-Fine:4
Time: 10.3726
DefTol: 1e-07
H0-Error: 1.722064e-06
H1-Error: 4.034414e-03
memtype: main
prec: mixprec
