maxIter:5
level-Grob:10
level-Fine:8
Total time: 40.3297
DefTol: 1e-05
H0-Error: 1.302360e-05
H1-Error: 2.017996e-03
memtype: cuda
prec: mixprec
