maxIter:2
level-Grob:10
level-Fine:3
Time: 9.29095
DefTol: 1e-06
H0-Error: 4.395186e-07
H1-Error: 2.017209e-03
memtype: cuda
prec: mixprec
