maxIter:20
level-Grob:10
level-Fine:5
Total time: 0.7102
DefTol: 1e-08
H0-Error: 4.290996e-07
H1-Error: 2.017209e-03
memtype: cuda
prec: mixprec
