maxIter:11
level-Grob:9
level-Fine:5
Total time: 1.3198
DefTol: 1e-06
H0-Error: 1.722793e-06
H1-Error: 4.034414e-03
memtype: main
prec: mixprec
