maxIter:20
level-Grob:10
level-Fine:5
Time: 37.8985
DefTol: 1e-07
H0-Error: 4.291425e-07
H1-Error: 2.017209e-03
memtype: main
prec: mixprec
