maxIter:4
level-Grob:10
level-Fine:2
Time: 6.87023
DefTol: 1e-06
H0-Error: 4.290889e-07
H1-Error: 2.017209e-03
memtype: main
prec: mixprec
