maxIter:2
level-Grob:9
level-Fine:4
Total time: 1.91845
DefTol: 1e-05
H0-Error: 2.693189e-06
H1-Error: 4.034418e-03
memtype: main
prec: mixprec
