maxIter:11
level-Grob:10
level-Fine:6
Total time: 33.4675
DefTol: 1e-07
H0-Error: 4.372691e-07
H1-Error: 2.017209e-03
memtype: main
prec: mixprec
