maxIter:15
level-Grob:10
level-Fine:4
Time: 23.0952
DefTol: 1e-07
H0-Error: 4.290882e-07
H1-Error: 2.017209e-03
memtype: main
prec: mixprec
