maxIter:2
level-Grob:10
level-Fine:2
Total time: 0.31067
DefTol: 1e-07
H0-Error: 4.292191e-07
H1-Error: 2.017209e-03
memtype: cuda
prec: mixprec
