maxIter:5
level-Grob:9
level-Fine:8
Time: 361.543
DefTol: 1e-07
H0-Error: 1.863086e-06
H1-Error: 4.034414e-03
memtype: cuda
prec: mixprec
