maxIter:1
level-Grob:8
level-Fine:5
Time: 8.8761
DefTol: 1e-05
H0-Error: 1.419101e-05
H1-Error: 8.068872e-03
memtype: cuda
prec: mixprec
