maxIter:2
level-Grob:8
level-Fine:5
Time: 4.2262
DefTol: 1e-06
H0-Error: 7.165028e-06
H1-Error: 8.068795e-03
memtype: cuda
prec: mixprec
