maxIter:1
level-Grob:8
level-Fine:1
Total time: 0.069479
DefTol: 1e-07
H0-Error: 6.865459e-06
H1-Error: 8.068795e-03
memtype: cuda
prec: mixprec
