maxIter:18
level-Grob:10
level-Fine:6
Total time: 0.866538
DefTol: 1e-05
H0-Error: 4.983188e-07
H1-Error: 2.017209e-03
memtype: cuda
prec: mixprec
