maxIter:3
level-Grob:8
level-Fine:4
Total time: 0.106265
DefTol: 1e-05
H0-Error: 7.405137e-06
H1-Error: 8.068795e-03
memtype: cuda
prec: mixprec
