maxIter:3
level-Grob:10
level-Fine:4
Time: 16.793
DefTol: 1e-07
H0-Error: 4.320551e-07
H1-Error: 2.017209e-03
memtype: cuda
prec: mixprec
