maxIter:19
level-Grob:11
level-Fine:6
Total time: 86.4198
DefTol: 1e-06
H0-Error: 1.267620e-07
H1-Error: 1.008605e-03
memtype: main
prec: mixprec
