maxIter:3
level-Grob:10
level-Fine:5
Time: 123.838
DefTol: 1e-05
H0-Error: 1.968003e-06
H1-Error: 2.017223e-03
memtype: main
prec: mixprec
