maxIter:19
level-Grob:9
level-Fine:5
Total time: 1.39047
DefTol: 1e-07
H0-Error: 1.716412e-06
H1-Error: 4.034414e-03
memtype: main
prec: mixprec
