maxIter:1
level-Grob:4
level-Fine:3
Time: 0.244552
DefTol: 1e-06
H0-Error: 1.753420e-03
H1-Error: 1.289155e-01
memtype: cuda
prec: mixprec
