maxIter:8
level-Grob:9
level-Fine:6
Time: 35.4677
DefTol: 1e-05
H0-Error: 3.559080e-06
H1-Error: 4.034426e-03
memtype: main
prec: mixprec
