maxIter:3
level-Grob:9
level-Fine:5
Total time: 0.530736
DefTol: 1e-05
H0-Error: 3.942774e-06
H1-Error: 4.034430e-03
memtype: cuda
prec: mixprec
