maxIter:6
level-Grob:10
level-Fine:1
Time: 7.34723
DefTol: 1e-06
H0-Error: 4.291894e-07
H1-Error: 2.017209e-03
memtype: main
prec: mixprec
