maxIter:14
level-Grob:4
level-Fine:1
Total time: 0.009306
DefTol: 1e-05
H0-Error: 1.753327e-03
H1-Error: 1.289155e-01
memtype: cuda
prec: mixprec
