maxIter:8
level-Grob:11
level-Fine:2
Total time: 0.999531
DefTol: 1e-06
H0-Error: 1.073162e-07
H1-Error: 1.008605e-03
memtype: cuda
prec: mixprec
