maxIter:2
level-Grob:6
level-Fine:2
Time: 0.296514
DefTol: 1e-08
H0-Error: 1.098306e-04
H1-Error: 3.227246e-02
memtype: cuda
prec: mixprec
