maxIter:10
level-Grob:10
level-Fine:6
Time: 213.207
DefTol: 1e-07
H0-Error: 4.390488e-07
H1-Error: 2.017209e-03
memtype: main
prec: mixprec
