maxIter:2
level-Grob:9
level-Fine:6
Total time: 46.0714
DefTol: 1e-08
H0-Error: 1.722719e-06
H1-Error: 4.034414e-03
memtype: main
prec: mixprec
