maxIter:3
level-Grob:9
level-Fine:6
Total time: 24.8933
DefTol: 1e-07
H0-Error: 1.776819e-06
H1-Error: 4.034414e-03
memtype: main
prec: mixprec
