maxIter:7
level-Grob:8
level-Fine:5
Time: 3.26658
DefTol: 1e-07
H0-Error: 6.872737e-06
H1-Error: 8.068795e-03
memtype: main
prec: mixprec
