maxIter:1
level-Grob:10
level-Fine:3
Total time: 0.906448
DefTol: 1e-08
H0-Error: 4.291529e-07
H1-Error: 2.017209e-03
memtype: cuda
prec: mixprec
