maxIter:4
level-Grob:8
level-Fine:7
Time: 19.5142
DefTol: 1e-05
H0-Error: 1.882343e-05
H1-Error: 8.068993e-03
memtype: cuda
prec: mixprec
