maxIter:3
level-Grob:8
level-Fine:4
Total time: 0.498159
DefTol: 1e-08
H0-Error: 6.865932e-06
H1-Error: 8.068795e-03
memtype: main
prec: mixprec
