maxIter:9
level-Grob:9
level-Fine:6
Time: 11.5235
DefTol: 1e-05
H0-Error: 2.860910e-06
H1-Error: 4.034419e-03
memtype: cuda
prec: mixprec
