maxIter:8
level-Grob:7
level-Fine:4
Time: 0.554607
DefTol: 1e-06
H0-Error: 2.746031e-05
H1-Error: 1.613732e-02
memtype: cuda
prec: mixprec
