maxIter:2
level-Grob:10
level-Fine:7
Total time: 48.9209
DefTol: 1e-08
H0-Error: 4.443935e-07
H1-Error: 2.017209e-03
memtype: cuda
prec: mixprec
