maxIter:15
level-Grob:10
level-Fine:5
Time: 12.8864
DefTol: 1e-07
H0-Error: 4.291209e-07
H1-Error: 2.017209e-03
memtype: cuda
prec: mixprec
