maxIter:2
level-Grob:8
level-Fine:4
Total time: 0.140232
DefTol: 1e-06
H0-Error: 7.038272e-06
H1-Error: 8.068795e-03
memtype: cuda
prec: mixprec
