maxIter:3
level-Grob:11
level-Fine:3
Total time: 14.6735
DefTol: 1e-08
H0-Error: 1.073136e-07
H1-Error: 1.008605e-03
memtype: main
prec: mixprec
