maxIter:2
level-Grob:7
level-Fine:2
Time: 0.631013
DefTol: 1e-07
H0-Error: 2.746076e-05
H1-Error: 1.613732e-02
memtype: cuda
prec: mixprec
