maxIter:6
level-Grob:10
level-Fine:4
Total time: 3.28867
DefTol: 1e-05
H0-Error: 4.809951e-07
H1-Error: 2.017209e-03
memtype: main
prec: mixprec
