maxIter:3
level-Grob:8
level-Fine:4
Time: 2.03176
DefTol: 1e-07
H0-Error: 6.872551e-06
H1-Error: 8.068795e-03
memtype: main
prec: mixprec
