maxIter:3
level-Grob:11
level-Fine:2
Total time: 0.800855
DefTol: 1e-07
H0-Error: 1.073022e-07
H1-Error: 1.008605e-03
memtype: cuda
prec: mixprec
