maxIter:7
level-Grob:8
level-Fine:7
Time: 15.9981
DefTol: 1e-07
H0-Error: 6.910441e-06
H1-Error: 8.068795e-03
memtype: cuda
prec: mixprec
