maxIter:9
level-Grob:10
level-Fine:4
Time: 8.81732
DefTol: 1e-07
H0-Error: 4.292531e-07
H1-Error: 2.017209e-03
memtype: cuda
prec: mixprec
