maxIter:7
level-Grob:11
level-Fine:2
Total time: 10.7229
DefTol: 1e-08
H0-Error: 1.072999e-07
H1-Error: 1.008605e-03
memtype: main
prec: mixprec
