maxIter:5
level-Grob:10
level-Fine:2
Time: 6.09111
DefTol: 1e-05
H0-Error: 4.291362e-07
H1-Error: 2.017209e-03
memtype: main
prec: mixprec
