maxIter:5
level-Grob:10
level-Fine:4
Total time: 0.464076
DefTol: 1e-06
H0-Error: 4.334706e-07
H1-Error: 2.017209e-03
memtype: cuda
prec: mixprec
