maxIter:7
level-Grob:9
level-Fine:8
Time: 212.468
DefTol: 1e-06
H0-Error: 2.993455e-06
H1-Error: 4.034419e-03
memtype: cuda
prec: mixprec
