maxIter:10
level-Grob:11
level-Fine:2
Total time: 1.11468
DefTol: 1e-07
H0-Error: 1.073130e-07
H1-Error: 1.008605e-03
memtype: cuda
prec: mixprec
