maxIter:3
level-Grob:10
level-Fine:7
Total time: 365.156
DefTol: 1e-06
H0-Error: 1.719130e-06
H1-Error: 2.017218e-03
memtype: main
prec: mixprec
