maxIter:3
level-Grob:9
level-Fine:7
Total time: 63.2468
DefTol: 1e-05
H0-Error: 2.018750e-05
H1-Error: 4.035276e-03
memtype: main
prec: mixprec
