maxIter:12
level-Grob:10
level-Fine:3
Total time: 32.3941
DefTol: 1e-06
H0-Error: 4.292235e-07
H1-Error: 2.017209e-03
memtype: main
prec: mixprec
