maxIter:2
level-Grob:9
level-Fine:2
Time: 2.56576
DefTol: 1e-06
H0-Error: 1.719278e-06
H1-Error: 4.034414e-03
memtype: cuda
prec: mixprec
