maxIter:2
level-Grob:7
level-Fine:3
Total time: 0.045952
DefTol: 1e-06
H0-Error: 2.751108e-05
H1-Error: 1.613732e-02
memtype: cuda
prec: mixprec
