maxIter:1
level-Grob:9
level-Fine:8
Time: 1602.95
DefTol: 1e-05
H0-Error: 8.986505e-05
H1-Error: 4.053497e-03
memtype: cuda
prec: mixprec
