maxIter:10
level-Grob:9
level-Fine:6
Total time: 6.52138
DefTol: 1e-06
H0-Error: 1.824033e-06
H1-Error: 4.034414e-03
memtype: main
prec: mixprec
