maxIter:9
level-Grob:11
level-Fine:1
Total time: 1.07618
DefTol: 1e-06
H0-Error: 1.073092e-07
H1-Error: 1.008605e-03
memtype: cuda
prec: mixprec
