maxIter:3
level-Grob:10
level-Fine:2
Time: 6.44247
DefTol: 1e-07
H0-Error: 4.290932e-07
H1-Error: 2.017209e-03
memtype: cuda
prec: mixprec
