maxIter:2
level-Grob:9
level-Fine:2
Time: 2.74424
DefTol: 1e-08
H0-Error: 1.716366e-06
H1-Error: 4.034414e-03
memtype: cuda
prec: mixprec
