maxIter:2
level-Grob:9
level-Fine:6
Total time: 39.8911
DefTol: 1e-07
H0-Error: 1.779289e-06
H1-Error: 4.034414e-03
memtype: main
prec: mixprec
