maxIter:13
level-Grob:11
level-Fine:1
Total time: 14.9484
DefTol: 1e-08
H0-Error: 1.073000e-07
H1-Error: 1.008605e-03
memtype: main
prec: mixprec
