maxIter:3
level-Grob:11
level-Fine:3
Total time: 12.7256
DefTol: 1e-07
H0-Error: 1.074891e-07
H1-Error: 1.008605e-03
memtype: main
prec: mixprec
