maxIter:6
level-Grob:10
level-Fine:6
Total time: 3.66569
DefTol: 1e-07
H0-Error: 4.519292e-07
H1-Error: 2.017209e-03
memtype: cuda
prec: mixprec
