maxIter:3
level-Grob:11
level-Fine:2
Total time: 4.96541
DefTol: 1e-06
H0-Error: 1.074014e-07
H1-Error: 1.008605e-03
memtype: main
prec: mixprec
