maxIter:6
level-Grob:9
level-Fine:7
Total time: 2.52111
DefTol: 1e-05
H0-Error: 8.330175e-06
H1-Error: 4.034531e-03
memtype: cuda
prec: mixprec
