maxIter:6
level-Grob:9
level-Fine:7
Time: 76.4264
DefTol: 1e-07
H0-Error: 1.775899e-06
H1-Error: 4.034414e-03
memtype: cuda
prec: mixprec
