maxIter:6
level-Grob:10
level-Fine:7
Total time: 147.493
DefTol: 1e-05
H0-Error: 5.448724e-06
H1-Error: 2.017338e-03
memtype: main
prec: mixprec
