maxIter:2
level-Grob:9
level-Fine:1
Time: 2.50696
DefTol: 1e-07
H0-Error: 1.716360e-06
H1-Error: 4.034414e-03
memtype: cuda
prec: mixprec
