maxIter:4
level-Grob:10
level-Fine:5
Total time: 13.629
DefTol: 1e-05
H0-Error: 4.486164e-06
H1-Error: 2.017311e-03
memtype: main
prec: mixprec
