maxIter:2
level-Grob:6
level-Fine:2
Time: 0.010432
DefTol: 1e-05
H0-Error: 1.098193e-04
H1-Error: 3.227246e-02
memtype: main
prec: mixprec
