maxIter:10
level-Grob:9
level-Fine:4
Time: 4.2102
DefTol: 1e-07
H0-Error: 1.716370e-06
H1-Error: 4.034414e-03
memtype: main
prec: mixprec
