maxIter:9
level-Grob:4
level-Fine:1
Total time: 0.00048
DefTol: 1e-07
H0-Error: 1.753315e-03
H1-Error: 1.289155e-01
memtype: main
prec: mixprec
