maxIter:6
level-Grob:9
level-Fine:4
Total time: 0.178068
DefTol: 1e-07
H0-Error: 1.717205e-06
H1-Error: 4.034414e-03
memtype: cuda
prec: mixprec
