maxIter:17
level-Grob:8
level-Fine:1
Time: 0.422863
DefTol: 1e-05
H0-Error: 6.865388e-06
H1-Error: 8.068795e-03
memtype: main
prec: mixprec
