maxIter:11
level-Grob:10
level-Fine:5
Time: 11.7718
DefTol: 1e-06
H0-Error: 4.312125e-07
H1-Error: 2.017209e-03
memtype: cuda
prec: mixprec
