maxIter:2
level-Grob:10
level-Fine:4
Time: 72.6103
DefTol: 1e-07
H0-Error: 4.350395e-07
H1-Error: 2.017209e-03
memtype: main
prec: mixprec
