maxIter:8
level-Grob:9
level-Fine:5
Time: 8.93613
DefTol: 1e-05
H0-Error: 1.939890e-06
H1-Error: 4.034415e-03
memtype: main
prec: mixprec
