maxIter:5
level-Grob:9
level-Fine:8
Time: 302.818
DefTol: 1e-06
H0-Error: 3.306459e-06
H1-Error: 4.034422e-03
memtype: cuda
prec: mixprec
