maxIter:8
level-Grob:10
level-Fine:5
Time: 15.4136
DefTol: 1e-05
H0-Error: 6.627833e-07
H1-Error: 2.017210e-03
memtype: cuda
prec: mixprec
