maxIter:8
level-Grob:9
level-Fine:5
Time: 14.4177
DefTol: 1e-08
H0-Error: 1.716644e-06
H1-Error: 4.034414e-03
memtype: main
prec: mixprec
