maxIter:15
level-Grob:9
level-Fine:4
Time: 3.11473
DefTol: 1e-05
H0-Error: 1.716368e-06
H1-Error: 4.034414e-03
memtype: cuda
prec: mixprec
