maxIter:7
level-Grob:10
level-Fine:5
Time: 23.8839
DefTol: 1e-07
H0-Error: 4.339057e-07
H1-Error: 2.017209e-03
memtype: cuda
prec: mixprec
