maxIter:2
level-Grob:7
level-Fine:3
Time: 0.651861
DefTol: 1e-05
H0-Error: 2.766646e-05
H1-Error: 1.613732e-02
memtype: cuda
prec: mixprec
