maxIter:11
level-Grob:10
level-Fine:6
Total time: 1.65202
DefTol: 1e-05
H0-Error: 1.014827e-06
H1-Error: 2.017212e-03
memtype: cuda
prec: mixprec
