maxIter:2
level-Grob:8
level-Fine:1
Total time: 0.050727
DefTol: 1e-08
H0-Error: 6.865390e-06
H1-Error: 8.068795e-03
memtype: main
prec: mixprec
