maxIter:18
level-Grob:10
level-Fine:6
Total time: 1.15129
DefTol: 1e-07
H0-Error: 4.294302e-07
H1-Error: 2.017209e-03
memtype: cuda
prec: mixprec
