maxIter:6
level-Grob:7
level-Fine:5
Time: 0.730237
DefTol: 1e-07
H0-Error: 2.747039e-05
H1-Error: 1.613732e-02
memtype: main
prec: mixprec
