maxIter:2
level-Grob:9
level-Fine:5
Total time: 1.05023
DefTol: 1e-07
H0-Error: 1.737012e-06
H1-Error: 4.034414e-03
memtype: cuda
prec: mixprec
