maxIter:10
level-Grob:5
level-Fine:4
Time: 0.006732
DefTol: 1e-06
H0-Error: 4.391240e-04
H1-Error: 6.452751e-02
memtype: main
prec: mixprec
