maxIter:20
level-Grob:9
level-Fine:5
Time: 4.87519
DefTol: 1e-05
H0-Error: 1.722533e-06
H1-Error: 4.034414e-03
memtype: main
prec: mixprec
