maxIter:4
level-Grob:8
level-Fine:7
Time: 75.9655
DefTol: 1e-07
H0-Error: 6.970860e-06
H1-Error: 8.068795e-03
memtype: main
prec: mixprec
