maxIter:7
level-Grob:9
level-Fine:6
Time: 69.3333
DefTol: 1e-08
H0-Error: 1.718479e-06
H1-Error: 4.034414e-03
memtype: main
prec: mixprec
