maxIter:7
level-Grob:9
level-Fine:6
Total time: 0.798668
DefTol: 1e-06
H0-Error: 1.900863e-06
H1-Error: 4.034414e-03
memtype: cuda
prec: mixprec
