maxIter:2
level-Grob:9
level-Fine:6
Total time: 4.02015
DefTol: 1e-08
H0-Error: 1.722681e-06
H1-Error: 4.034414e-03
memtype: cuda
prec: mixprec
