maxIter:1
level-Grob:7
level-Fine:2
Total time: 0.043888
DefTol: 1e-05
H0-Error: 2.767023e-05
H1-Error: 1.613732e-02
memtype: cuda
prec: mixprec
