maxIter:9
level-Grob:5
level-Fine:2
Total time: 0.00096
DefTol: 1e-05
H0-Error: 4.391364e-04
H1-Error: 6.452751e-02
memtype: main
prec: mixprec
