maxIter:16
level-Grob:10
level-Fine:6
Time: 80.886
DefTol: 1e-05
H0-Error: 6.109232e-07
H1-Error: 2.017210e-03
memtype: main
prec: mixprec
