maxIter:5
level-Grob:10
level-Fine:8
Total time: 666.67
DefTol: 1e-05
H0-Error: 1.356949e-05
H1-Error: 2.018066e-03
memtype: main
prec: mixprec
