maxIter:3
level-Grob:10
level-Fine:4
Total time: 6.00747
DefTol: 1e-05
H0-Error: 9.037248e-07
H1-Error: 2.017211e-03
memtype: main
prec: mixprec
