maxIter:19
level-Grob:10
level-Fine:3
Total time: 0.439642
DefTol: 1e-05
H0-Error: 4.291485e-07
H1-Error: 2.017209e-03
memtype: cuda
prec: mixprec
