maxIter:10
level-Grob:10
level-Fine:5
Time: 43.7793
DefTol: 1e-07
H0-Error: 4.296020e-07
H1-Error: 2.017209e-03
memtype: main
prec: mixprec
