maxIter:1
level-Grob:8
level-Fine:5
Time: 24.4359
DefTol: 1e-06
H0-Error: 7.538516e-06
H1-Error: 8.068795e-03
memtype: main
prec: mixprec
