maxIter:4
level-Grob:10
level-Fine:6
Time: 347.092
DefTol: 1e-05
H0-Error: 5.028165e-06
H1-Error: 2.017320e-03
memtype: main
prec: mixprec
