maxIter:19
level-Grob:10
level-Fine:5
Time: 28.8007
DefTol: 1e-06
H0-Error: 4.294813e-07
H1-Error: 2.017209e-03
memtype: main
prec: mixprec
