maxIter:17
level-Grob:10
level-Fine:6
Time: 82.5006
DefTol: 1e-06
H0-Error: 4.575957e-07
H1-Error: 2.017209e-03
memtype: main
prec: mixprec
