maxIter:9
level-Grob:10
level-Fine:5
Total time: 7.82736
DefTol: 1e-07
H0-Error: 4.298158e-07
H1-Error: 2.017209e-03
memtype: main
prec: mixprec
