maxIter:3
level-Grob:8
level-Fine:2
Total time: 0.074389
DefTol: 1e-06
H0-Error: 6.865362e-06
H1-Error: 8.068795e-03
memtype: cuda
prec: mixprec
