maxIter:10
level-Grob:9
level-Fine:7
Time: 115.44
DefTol: 1e-05
H0-Error: 3.876304e-06
H1-Error: 4.034428e-03
memtype: main
prec: mixprec
