maxIter:3
level-Grob:8
level-Fine:7
Time: 89.3969
DefTol: 1e-06
H0-Error: 8.103881e-06
H1-Error: 8.068797e-03
memtype: main
prec: mixprec
