maxIter:10
level-Grob:8
level-Fine:6
Time: 7.37498
DefTol: 1e-06
H0-Error: 6.984701e-06
H1-Error: 8.068795e-03
memtype: main
prec: mixprec
