maxIter:12
level-Grob:10
level-Fine:6
Time: 124.518
DefTol: 1e-05
H0-Error: 1.155592e-06
H1-Error: 2.017213e-03
memtype: main
prec: mixprec
