maxIter:2
level-Grob:9
level-Fine:2
Total time: 0.356443
DefTol: 1e-08
H0-Error: 1.716369e-06
H1-Error: 4.034414e-03
memtype: main
prec: mixprec
