maxIter:1
level-Grob:9
level-Fine:6
Time: 449.661
DefTol: 1e-06
H0-Error: 3.465457e-06
H1-Error: 4.034423e-03
memtype: main
prec: mixprec
