maxIter:13
level-Grob:10
level-Fine:6
Total time: 34.3213
DefTol: 1e-08
H0-Error: 4.295778e-07
H1-Error: 2.017209e-03
memtype: main
prec: mixprec
