maxIter:3
level-Grob:8
level-Fine:6
Total time: 4.92755
DefTol: 1e-06
H0-Error: 7.567991e-06
H1-Error: 8.068795e-03
memtype: main
prec: mixprec
