maxIter:17
level-Grob:11
level-Fine:6
Total time: 107.784
DefTol: 1e-07
H0-Error: 1.081534e-07
H1-Error: 1.008605e-03
memtype: main
prec: mixprec
