maxIter:5
level-Grob:10
level-Fine:5
Total time: 1.01475
DefTol: 1e-05
H0-Error: 1.442864e-06
H1-Error: 2.017216e-03
memtype: cuda
prec: mixprec
