maxIter:20
level-Grob:9
level-Fine:5
Total time: 0.881686
DefTol: 1e-05
H0-Error: 1.722137e-06
H1-Error: 4.034414e-03
memtype: main
prec: mixprec
