maxIter:1
level-Grob:10
level-Fine:6
Total time: 22.9492
DefTol: 1e-06
H0-Error: 1.835399e-06
H1-Error: 2.017220e-03
memtype: cuda
prec: mixprec
