maxIter:5
level-Grob:8
level-Fine:6
Time: 14.6029
DefTol: 1e-06
H0-Error: 7.105721e-06
H1-Error: 8.068795e-03
memtype: main
prec: mixprec
