maxIter:7
level-Grob:8
level-Fine:6
Total time: 1.99115
DefTol: 1e-06
H0-Error: 7.054001e-06
H1-Error: 8.068795e-03
memtype: main
prec: mixprec
