maxIter:2
level-Grob:8
level-Fine:7
Time: 112.999
DefTol: 1e-05
H0-Error: 2.801651e-05
H1-Error: 8.069388e-03
memtype: main
prec: mixprec
