maxIter:15
level-Grob:11
level-Fine:2
Total time: 11.0961
DefTol: 1e-05
H0-Error: 1.137968e-07
H1-Error: 1.008605e-03
memtype: main
prec: mixprec
