maxIter:8
level-Grob:7
level-Fine:4
Time: 0.161682
DefTol: 1e-06
H0-Error: 2.746030e-05
H1-Error: 1.613732e-02
memtype: main
prec: mixprec
