maxIter:2
level-Grob:9
level-Fine:8
Total time: 511.122
DefTol: 1e-07
H0-Error: 2.251203e-06
H1-Error: 4.034415e-03
memtype: main
prec: mixprec
