maxIter:2
level-Grob:6
level-Fine:3
Total time: 0.032385
DefTol: 1e-07
H0-Error: 1.098354e-04
H1-Error: 3.227246e-02
memtype: cuda
prec: mixprec
