maxIter:3
level-Grob:8
level-Fine:7
Time: 105.482
DefTol: 1e-07
H0-Error: 6.986111e-06
H1-Error: 8.068795e-03
memtype: main
prec: mixprec
