maxIter:1
level-Grob:10
level-Fine:7
Time: 7781.11
DefTol: 1e-06
H0-Error: 4.372978e-06
H1-Error: 2.017288e-03
memtype: main
prec: mixprec
