maxIter:1
level-Grob:10
level-Fine:6
Time: 2541.5
DefTol: 1e-07
H0-Error: 5.548232e-07
H1-Error: 2.017209e-03
memtype: main
prec: mixprec
