maxIter:3
level-Grob:10
level-Fine:4
Total time: 0.628248
DefTol: 1e-05
H0-Error: 8.623656e-07
H1-Error: 2.017211e-03
memtype: cuda
prec: mixprec
