maxIter:1
level-Grob:11
level-Fine:4
Total time: 163.269
DefTol: 1e-08
H0-Error: 1.078382e-07
H1-Error: 1.008605e-03
memtype: main
prec: mixprec
