maxIter:11
level-Grob:10
level-Fine:6
Total time: 38.1417
DefTol: 1e-08
H0-Error: 4.297999e-07
H1-Error: 2.017209e-03
memtype: main
prec: mixprec
