maxIter:17
level-Grob:10
level-Fine:6
Time: 21.9351
DefTol: 1e-05
H0-Error: 7.116743e-07
H1-Error: 2.017210e-03
memtype: cuda
prec: mixprec
