maxIter:2
level-Grob:9
level-Fine:5
Time: 42.316
DefTol: 1e-05
H0-Error: 4.044288e-06
H1-Error: 4.034430e-03
memtype: main
prec: mixprec
