maxIter:4
level-Grob:10
level-Fine:7
Total time: 218.254
DefTol: 1e-05
H0-Error: 1.101936e-05
H1-Error: 2.017770e-03
memtype: main
prec: mixprec
