maxIter:6
level-Grob:9
level-Fine:6
Time: 19.2328
DefTol: 1e-06
H0-Error: 2.034055e-06
H1-Error: 4.034415e-03
memtype: cuda
prec: mixprec
