maxIter:5
level-Grob:10
level-Fine:1
Total time: 1.04822
DefTol: 1e-06
H0-Error: 4.291936e-07
H1-Error: 2.017209e-03
memtype: main
prec: mixprec
