maxIter:2
level-Grob:9
level-Fine:4
Total time: 0.289413
DefTol: 1e-05
H0-Error: 2.689394e-06
H1-Error: 4.034418e-03
memtype: cuda
prec: mixprec
