maxIter:1
level-Grob:10
level-Fine:8
Total time: 436.704
DefTol: 1e-08
H0-Error: 5.116731e-07
H1-Error: 2.017209e-03
memtype: cuda
prec: mixprec
