maxIter:4
level-Grob:8
level-Fine:7
Total time: 2.12503
DefTol: 1e-08
H0-Error: 6.876092e-06
H1-Error: 8.068795e-03
memtype: cuda
prec: mixprec
