maxIter:3
level-Grob:10
level-Fine:7
Total time: 433.226
DefTol: 1e-07
H0-Error: 5.461275e-07
H1-Error: 2.017209e-03
memtype: main
prec: mixprec
