maxIter:4
level-Grob:7
level-Fine:6
Total time: 0.26924
DefTol: 1e-06
H0-Error: 2.784110e-05
H1-Error: 1.613732e-02
memtype: cuda
prec: mixprec
