maxIter:2
level-Grob:10
level-Fine:2
Time: 6.5308
DefTol: 1e-08
H0-Error: 4.290935e-07
H1-Error: 2.017209e-03
memtype: cuda
prec: mixprec
