maxIter:7
level-Grob:8
level-Fine:5
Time: 2.3301
DefTol: 1e-05
H0-Error: 7.471179e-06
H1-Error: 8.068795e-03
memtype: main
prec: mixprec
