maxIter:7
level-Grob:7
level-Fine:5
Total time: 0.115492
DefTol: 1e-06
H0-Error: 2.753045e-05
H1-Error: 1.613732e-02
memtype: main
prec: mixprec
