maxIter:9
level-Grob:8
level-Fine:7
Time: 39.0023
DefTol: 1e-08
H0-Error: 6.867842e-06
H1-Error: 8.068795e-03
memtype: main
prec: mixprec
