maxIter:1
level-Grob:10
level-Fine:8
Total time: 370.443
DefTol: 1e-07
H0-Error: 1.333076e-06
H1-Error: 2.017214e-03
memtype: cuda
prec: mixprec
