maxIter:9
level-Grob:8
level-Fine:5
Time: 1.44205
DefTol: 1e-05
H0-Error: 7.107224e-06
H1-Error: 8.068795e-03
memtype: cuda
prec: mixprec
