maxIter:3
level-Grob:8
level-Fine:7
Time: 26.862
DefTol: 1e-05
H0-Error: 2.058404e-05
H1-Error: 8.069052e-03
memtype: cuda
prec: mixprec
