maxIter:9
level-Grob:9
level-Fine:7
Total time: 2.13538
DefTol: 1e-06
H0-Error: 1.937151e-06
H1-Error: 4.034414e-03
memtype: cuda
prec: mixprec
