maxIter:3
level-Grob:5
level-Fine:3
Time: 0.005917
DefTol: 1e-05
H0-Error: 4.389633e-04
H1-Error: 6.452751e-02
memtype: main
prec: mixprec
