maxIter:16
level-Grob:10
level-Fine:5
Total time: 0.570203
DefTol: 1e-07
H0-Error: 4.293062e-07
H1-Error: 2.017209e-03
memtype: cuda
prec: mixprec
