maxIter:10
level-Grob:10
level-Fine:5
Time: 51.3017
DefTol: 1e-08
H0-Error: 4.291192e-07
H1-Error: 2.017209e-03
memtype: main
prec: mixprec
