maxIter:2
level-Grob:7
level-Fine:6
Total time: 1.18258
DefTol: 1e-05
H0-Error: 3.559548e-05
H1-Error: 1.613737e-02
memtype: main
prec: mixprec
