maxIter:8
level-Grob:10
level-Fine:6
Time: 235.897
DefTol: 1e-07
H0-Error: 4.431889e-07
H1-Error: 2.017209e-03
memtype: main
prec: mixprec
