maxIter:2
level-Grob:8
level-Fine:3
Total time: 0.135966
DefTol: 1e-05
H0-Error: 7.116489e-06
H1-Error: 8.068795e-03
memtype: main
prec: mixprec
