maxIter:6
level-Grob:8
level-Fine:6
Time: 9.13017
DefTol: 1e-05
H0-Error: 1.072646e-05
H1-Error: 8.068819e-03
memtype: main
prec: mixprec
