maxIter:2
level-Grob:10
level-Fine:5
Total time: 3.00495
DefTol: 1e-06
H0-Error: 5.314964e-07
H1-Error: 2.017209e-03
memtype: cuda
prec: mixprec
