maxIter:3
level-Grob:7
level-Fine:5
Total time: 0.113153
DefTol: 1e-05
H0-Error: 3.105330e-05
H1-Error: 1.613733e-02
memtype: cuda
prec: mixprec
