maxIter:14
level-Grob:10
level-Fine:6
Time: 36.4979
DefTol: 1e-06
H0-Error: 4.632987e-07
H1-Error: 2.017209e-03
memtype: cuda
prec: mixprec
