maxIter:8
level-Grob:10
level-Fine:4
Time: 7.61202
DefTol: 1e-05
H0-Error: 4.304809e-07
H1-Error: 2.017209e-03
memtype: cuda
prec: mixprec
