maxIter:6
level-Grob:10
level-Fine:1
Total time: 0.313694
DefTol: 1e-06
H0-Error: 4.291957e-07
H1-Error: 2.017209e-03
memtype: cuda
prec: mixprec
