maxIter:16
level-Grob:10
level-Fine:6
Time: 111.505
DefTol: 1e-07
H0-Error: 4.300744e-07
H1-Error: 2.017209e-03
memtype: main
prec: mixprec
