maxIter:8
level-Grob:8
level-Fine:7
Total time: 1.05797
DefTol: 1e-08
H0-Error: 6.868996e-06
H1-Error: 8.068795e-03
memtype: cuda
prec: mixprec
