maxIter:3
level-Grob:10
level-Fine:4
Time: 18.6403
DefTol: 1e-08
H0-Error: 4.294940e-07
H1-Error: 2.017209e-03
memtype: cuda
prec: mixprec
