maxIter:3
level-Grob:9
level-Fine:4
Total time: 1.29333
DefTol: 1e-05
H0-Error: 2.294737e-06
H1-Error: 4.034416e-03
memtype: main
prec: mixprec
