maxIter:5
level-Grob:6
level-Fine:4
Total time: 0.008081
DefTol: 1e-05
H0-Error: 1.095445e-04
H1-Error: 3.227246e-02
memtype: main
prec: mixprec
