maxIter:14
level-Grob:10
level-Fine:5
Total time: 4.61309
DefTol: 1e-05
H0-Error: 4.314883e-07
H1-Error: 2.017209e-03
memtype: main
prec: mixprec
