maxIter:14
level-Grob:7
level-Fine:3
Total time: 0.058003
DefTol: 1e-08
H0-Error: 2.746078e-05
H1-Error: 1.613732e-02
memtype: cuda
prec: mixprec
