maxIter:15
level-Grob:10
level-Fine:6
Total time: 16.1083
DefTol: 1e-06
H0-Error: 4.670835e-07
H1-Error: 2.017209e-03
memtype: main
prec: mixprec
