maxIter:5
level-Grob:8
level-Fine:2
Total time: 0.055962
DefTol: 1e-05
H0-Error: 6.865392e-06
H1-Error: 8.068795e-03
memtype: main
prec: mixprec
