maxIter:18
level-Grob:10
level-Fine:6
Time: 65.0746
DefTol: 1e-05
H0-Error: 4.769490e-07
H1-Error: 2.017209e-03
memtype: main
prec: mixprec
