maxIter:12
level-Grob:10
level-Fine:6
Time: 47.1095
DefTol: 1e-07
H0-Error: 4.354503e-07
H1-Error: 2.017209e-03
memtype: cuda
prec: mixprec
