maxIter:9
level-Grob:10
level-Fine:6
Total time: 2.68065
DefTol: 1e-08
H0-Error: 4.308302e-07
H1-Error: 2.017209e-03
memtype: cuda
prec: mixprec
