maxIter:1
level-Grob:9
level-Fine:8
Time: 2114.13
DefTol: 1e-06
H0-Error: 1.032893e-05
H1-Error: 4.034606e-03
memtype: cuda
prec: mixprec
