maxIter:16
level-Grob:9
level-Fine:5
Total time: 1.1673
DefTol: 1e-06
H0-Error: 1.716508e-06
H1-Error: 4.034414e-03
memtype: main
prec: mixprec
