maxIter:4
level-Grob:9
level-Fine:7
Time: 323.093
DefTol: 1e-06
H0-Error: 2.814377e-06
H1-Error: 4.034418e-03
memtype: main
prec: mixprec
