maxIter:1
level-Grob:10
level-Fine:3
Time: 47.3413
DefTol: 1e-06
H0-Error: 4.350497e-07
H1-Error: 2.017209e-03
memtype: main
prec: mixprec
