maxIter:1
level-Grob:9
level-Fine:4
Total time: 6.90336
DefTol: 1e-07
H0-Error: 1.726845e-06
H1-Error: 4.034414e-03
memtype: main
prec: mixprec
