maxIter:4
level-Grob:10
level-Fine:4
Time: 26.6107
DefTol: 1e-05
H0-Error: 6.261156e-07
H1-Error: 2.017210e-03
memtype: main
prec: mixprec
