maxIter:2
level-Grob:9
level-Fine:8
Total time: 50.0108
DefTol: 1e-08
H0-Error: 1.753788e-06
H1-Error: 4.034414e-03
memtype: cuda
prec: mixprec
