maxIter:16
level-Grob:8
level-Fine:4
Total time: 0.086736
DefTol: 1e-06
H0-Error: 6.865390e-06
H1-Error: 8.068795e-03
memtype: cuda
prec: mixprec
