maxIter:5
level-Grob:6
level-Fine:4
Total time: 0.014223
DefTol: 1e-08
H0-Error: 1.098304e-04
H1-Error: 3.227246e-02
memtype: main
prec: mixprec
