maxIter:1
level-Grob:7
level-Fine:4
Total time: 0.169934
DefTol: 1e-06
H0-Error: 2.766189e-05
H1-Error: 1.613732e-02
memtype: cuda
prec: mixprec
