maxIter:2
level-Grob:9
level-Fine:6
Time: 192.853
DefTol: 1e-06
H0-Error: 2.372166e-06
H1-Error: 4.034416e-03
memtype: main
prec: mixprec
