maxIter:3
level-Grob:10
level-Fine:7
Total time: 509.773
DefTol: 1e-08
H0-Error: 4.402938e-07
H1-Error: 2.017209e-03
memtype: main
prec: mixprec
