maxIter:1
level-Grob:10
level-Fine:5
Time: 198.963
DefTol: 1e-08
H0-Error: 4.327395e-07
H1-Error: 2.017209e-03
memtype: cuda
prec: mixprec
