maxIter:3
level-Grob:9
level-Fine:3
Time: 3.05935
DefTol: 1e-07
H0-Error: 1.716792e-06
H1-Error: 4.034414e-03
memtype: cuda
prec: mixprec
