maxIter:5
level-Grob:6
level-Fine:3
Time: 0.018215
DefTol: 1e-07
H0-Error: 1.098307e-04
H1-Error: 3.227246e-02
memtype: main
prec: mixprec
