maxIter:3
level-Grob:11
level-Fine:4
Total time: 2.55365
DefTol: 1e-07
H0-Error: 1.104380e-07
H1-Error: 1.008605e-03
memtype: cuda
prec: mixprec
