maxIter:7
level-Grob:10
level-Fine:7
Total time: 123.649
DefTol: 1e-05
H0-Error: 5.930778e-06
H1-Error: 2.017365e-03
memtype: main
prec: mixprec
