maxIter:6
level-Grob:11
level-Fine:3
Total time: 0.887969
DefTol: 1e-06
H0-Error: 1.073182e-07
H1-Error: 1.008605e-03
memtype: cuda
prec: mixprec
