maxIter:2
level-Grob:9
level-Fine:6
Time: 226.954
DefTol: 1e-07
H0-Error: 1.778557e-06
H1-Error: 4.034414e-03
memtype: main
prec: mixprec
