maxIter:19
level-Grob:10
level-Fine:5
Total time: 7.42356
DefTol: 1e-08
H0-Error: 4.291021e-07
H1-Error: 2.017209e-03
memtype: main
prec: mixprec
