maxIter:5
level-Grob:8
level-Fine:3
Time: 1.24632
DefTol: 1e-08
H0-Error: 6.865387e-06
H1-Error: 8.068795e-03
memtype: cuda
prec: mixprec
