maxIter:18
level-Grob:11
level-Fine:6
Total time: 92.4453
DefTol: 1e-06
H0-Error: 1.184101e-07
H1-Error: 1.008605e-03
memtype: main
prec: mixprec
