maxIter:1
level-Grob:7
level-Fine:6
Time: 16.383
DefTol: 1e-06
H0-Error: 2.964247e-05
H1-Error: 1.613732e-02
memtype: main
prec: mixprec
