maxIter:1
level-Grob:10
level-Fine:6
Total time: 18.6554
DefTol: 1e-05
H0-Error: 1.492432e-05
H1-Error: 2.018248e-03
memtype: cuda
prec: mixprec
