maxIter:3
level-Grob:10
level-Fine:8
Total time: 81.0669
DefTol: 1e-06
H0-Error: 4.355375e-06
H1-Error: 2.017287e-03
memtype: cuda
prec: mixprec
