maxIter:1
level-Grob:10
level-Fine:1
Time: 6.38899
DefTol: 1e-08
H0-Error: 4.290957e-07
H1-Error: 2.017209e-03
memtype: cuda
prec: mixprec
