maxIter:3
level-Grob:10
level-Fine:1
Total time: 0.893071
DefTol: 1e-07
H0-Error: 4.290976e-07
H1-Error: 2.017209e-03
memtype: main
prec: mixprec
