maxIter:12
level-Grob:2
level-Fine:1
Time: 0.000378
DefTol: 1e-06
H0-Error: 2.702811e-02
H1-Error: 5.041381e-01
memtype: main
prec: mixprec
