maxIter:9
level-Grob:11
level-Fine:2
Total time: 1.06512
DefTol: 1e-06
H0-Error: 1.073115e-07
H1-Error: 1.008605e-03
memtype: cuda
prec: mixprec
