maxIter:3
level-Grob:7
level-Fine:2
Total time: 0.015136
DefTol: 1e-07
H0-Error: 2.746077e-05
H1-Error: 1.613732e-02
memtype: main
prec: mixprec
