maxIter:1
level-Grob:9
level-Fine:6
Total time: 77.7154
DefTol: 1e-06
H0-Error: 3.519316e-06
H1-Error: 4.034424e-03
memtype: main
prec: mixprec
