maxIter:13
level-Grob:10
level-Fine:6
Time: 31.6066
DefTol: 1e-05
H0-Error: 1.104299e-06
H1-Error: 2.017213e-03
memtype: cuda
prec: mixprec
