maxIter:8
level-Grob:10
level-Fine:1
Total time: 0.334603
DefTol: 1e-05
H0-Error: 4.291965e-07
H1-Error: 2.017209e-03
memtype: cuda
prec: mixprec
