maxIter:8
level-Grob:10
level-Fine:8
Total time: 24.8315
DefTol: 1e-05
H0-Error: 8.829746e-06
H1-Error: 2.017563e-03
memtype: cuda
prec: mixprec
