maxIter:5
level-Grob:8
level-Fine:4
Total time: 0.292653
DefTol: 1e-08
H0-Error: 6.865479e-06
H1-Error: 8.068795e-03
memtype: main
prec: mixprec
