maxIter:2
level-Grob:8
level-Fine:5
Time: 4.01053
DefTol: 1e-05
H0-Error: 1.002757e-05
H1-Error: 8.068811e-03
memtype: cuda
prec: mixprec
