maxIter:3
level-Grob:7
level-Fine:2
Total time: 0.037786
DefTol: 1e-05
H0-Error: 2.745874e-05
H1-Error: 1.613732e-02
memtype: cuda
prec: mixprec
