maxIter:9
level-Grob:8
level-Fine:4
Total time: 0.088962
DefTol: 1e-06
H0-Error: 6.864827e-06
H1-Error: 8.068795e-03
memtype: cuda
prec: mixprec
