maxIter:3
level-Grob:9
level-Fine:8
Time: 1715.5
DefTol: 1e-06
H0-Error: 4.651097e-06
H1-Error: 4.034438e-03
memtype: main
prec: mixprec
