maxIter:1
level-Grob:8
level-Fine:4
Total time: 1.84135
DefTol: 1e-08
H0-Error: 6.866905e-06
H1-Error: 8.068795e-03
memtype: main
prec: mixprec
