maxIter:2
level-Grob:10
level-Fine:4
Total time: 12.7379
DefTol: 1e-07
H0-Error: 4.352730e-07
H1-Error: 2.017209e-03
memtype: main
prec: mixprec
