maxIter:9
level-Grob:6
level-Fine:5
Total time: 0.014654
DefTol: 1e-05
H0-Error: 1.105777e-04
H1-Error: 3.227246e-02
memtype: main
prec: mixprec
