maxIter:4
level-Grob:10
level-Fine:6
Time: 147.767
DefTol: 1e-08
H0-Error: 4.330411e-07
H1-Error: 2.017209e-03
memtype: cuda
prec: mixprec
