maxIter:1
level-Grob:10
level-Fine:7
Total time: 67.0592
DefTol: 1e-05
H0-Error: 3.831493e-05
H1-Error: 2.024248e-03
memtype: cuda
prec: mixprec
