maxIter:20
level-Grob:9
level-Fine:5
Time: 3.26497
DefTol: 1e-05
H0-Error: 1.722048e-06
H1-Error: 4.034414e-03
memtype: cuda
prec: mixprec
