maxIter:7
level-Grob:10
level-Fine:6
Total time: 2.23036
DefTol: 1e-05
H0-Error: 2.234262e-06
H1-Error: 2.017229e-03
memtype: cuda
prec: mixprec
