maxIter:20
level-Grob:11
level-Fine:5
Total time: 35.8052
DefTol: 1e-08
H0-Error: 1.073082e-07
H1-Error: 1.008605e-03
memtype: main
prec: mixprec
