maxIter:4
level-Grob:9
level-Fine:6
Time: 71.9594
DefTol: 1e-05
H0-Error: 5.708528e-06
H1-Error: 4.034459e-03
memtype: main
prec: mixprec
