maxIter:2
level-Grob:9
level-Fine:4
Total time: 2.27585
DefTol: 1e-06
H0-Error: 1.828066e-06
H1-Error: 4.034414e-03
memtype: main
prec: mixprec
