maxIter:3
level-Grob:9
level-Fine:5
Time: 42.3679
DefTol: 1e-08
H0-Error: 1.718594e-06
H1-Error: 4.034414e-03
memtype: main
prec: mixprec
