maxIter:1
level-Grob:8
level-Fine:6
Time: 86.1453
DefTol: 1e-06
H0-Error: 9.284579e-06
H1-Error: 8.068804e-03
memtype: main
prec: mixprec
