maxIter:9
level-Grob:8
level-Fine:7
Total time: 4.69861
DefTol: 1e-05
H0-Error: 9.700407e-06
H1-Error: 8.068808e-03
memtype: main
prec: mixprec
