maxIter:6
level-Grob:6
level-Fine:4
Time: 0.036451
DefTol: 1e-06
H0-Error: 1.098120e-04
H1-Error: 3.227246e-02
memtype: main
prec: mixprec
