maxIter:1
level-Grob:7
level-Fine:1
Time: 0.064402
DefTol: 1e-08
H0-Error: 2.746079e-05
H1-Error: 1.613732e-02
memtype: main
prec: mixprec
