maxIter:2
level-Grob:11
level-Fine:2
Total time: 0.742789
DefTol: 1e-06
H0-Error: 1.077035e-07
H1-Error: 1.008605e-03
memtype: cuda
prec: mixprec
