maxIter:8
level-Grob:8
level-Fine:5
Total time: 0.312106
DefTol: 1e-05
H0-Error: 7.084137e-06
H1-Error: 8.068795e-03
memtype: main
prec: mixprec
