maxIter:3
level-Grob:9
level-Fine:5
Total time: 5.46495
DefTol: 1e-06
H0-Error: 1.964228e-06
H1-Error: 4.034415e-03
memtype: main
prec: mixprec
