maxIter:6
level-Grob:5
level-Fine:1
Time: 0.214953
DefTol: 1e-06
H0-Error: 4.391240e-04
H1-Error: 6.452751e-02
memtype: cuda
prec: mixprec
