maxIter:5
level-Grob:7
level-Fine:3
Time: 0.598289
DefTol: 1e-06
H0-Error: 2.746074e-05
H1-Error: 1.613732e-02
memtype: cuda
prec: mixprec
