maxIter:5
level-Grob:7
level-Fine:6
Time: 2.48885
DefTol: 1e-06
H0-Error: 2.772467e-05
H1-Error: 1.613732e-02
memtype: main
prec: mixprec
