maxIter:2
level-Grob:10
level-Fine:9
Total time: 3256.28
DefTol: 1e-05
H0-Error: 1.461238e-04
H1-Error: 2.118676e-03
memtype: main
prec: mixprec
