maxIter:15
level-Grob:10
level-Fine:6
Total time: 1.11912
DefTol: 1e-06
H0-Error: 4.630431e-07
H1-Error: 2.017209e-03
memtype: cuda
prec: mixprec
