maxIter:4
level-Grob:2
level-Fine:1
Total time: 0.001936
DefTol: 1e-06
H0-Error: 2.702810e-02
H1-Error: 5.041381e-01
memtype: cuda
prec: mixprec
