maxIter:9
level-Grob:9
level-Fine:8
Time: 137.936
DefTol: 1e-05
H0-Error: 9.602605e-06
H1-Error: 4.034577e-03
memtype: cuda
prec: mixprec
