maxIter:7
level-Grob:10
level-Fine:5
Total time: 0.961327
DefTol: 1e-06
H0-Error: 4.720117e-07
H1-Error: 2.017209e-03
memtype: cuda
prec: mixprec
