maxIter:5
level-Grob:8
level-Fine:6
Time: 6.65358
DefTol: 1e-07
H0-Error: 6.887923e-06
H1-Error: 8.068795e-03
memtype: cuda
prec: mixprec
