maxIter:8
level-Grob:9
level-Fine:8
Total time: 6.10965
DefTol: 1e-05
H0-Error: 1.178632e-05
H1-Error: 4.034676e-03
memtype: cuda
prec: mixprec
