maxIter:1
level-Grob:5
level-Fine:2
Total time: 0.001448
DefTol: 1e-06
H0-Error: 4.391521e-04
H1-Error: 6.452751e-02
memtype: main
prec: mixprec
