maxIter:16
level-Grob:10
level-Fine:4
Total time: 3.29274
DefTol: 1e-05
H0-Error: 4.292559e-07
H1-Error: 2.017209e-03
memtype: main
prec: mixprec
