maxIter:14
level-Grob:10
level-Fine:3
Total time: 2.86292
DefTol: 1e-05
H0-Error: 4.292244e-07
H1-Error: 2.017209e-03
memtype: main
prec: mixprec
