maxIter:2
level-Grob:10
level-Fine:4
Total time: 1.05922
DefTol: 1e-07
H0-Error: 4.350214e-07
H1-Error: 2.017209e-03
memtype: cuda
prec: mixprec
