maxIter:4
level-Grob:8
level-Fine:5
Total time: 1.11081
DefTol: 1e-07
H0-Error: 6.882363e-06
H1-Error: 8.068795e-03
memtype: main
prec: mixprec
