maxIter:7
level-Grob:8
level-Fine:5
Total time: 0.798735
DefTol: 1e-08
H0-Error: 6.865822e-06
H1-Error: 8.068795e-03
memtype: main
prec: mixprec
