maxIter:8
level-Grob:9
level-Fine:5
Total time: 1.56761
DefTol: 1e-05
H0-Error: 1.942659e-06
H1-Error: 4.034415e-03
memtype: main
prec: mixprec
