maxIter:20
level-Grob:10
level-Fine:5
Time: 11.962
DefTol: 1e-05
H0-Error: 4.295761e-07
H1-Error: 2.017209e-03
memtype: cuda
prec: mixprec
