maxIter:9
level-Grob:5
level-Fine:4
Total time: 0.011447
DefTol: 1e-05
H0-Error: 4.391239e-04
H1-Error: 6.452751e-02
memtype: cuda
prec: mixprec
