maxIter:18
level-Grob:11
level-Fine:5
Total time: 37.8314
DefTol: 1e-08
H0-Error: 1.073007e-07
H1-Error: 1.008605e-03
memtype: main
prec: mixprec
