maxIter:4
level-Grob:10
level-Fine:3
Time: 7.40296
DefTol: 1e-07
H0-Error: 4.292111e-07
H1-Error: 2.017209e-03
memtype: cuda
prec: mixprec
