maxIter:6
level-Grob:10
level-Fine:6
Time: 87.3238
DefTol: 1e-07
H0-Error: 4.519219e-07
H1-Error: 2.017209e-03
memtype: cuda
prec: mixprec
