maxIter:10
level-Grob:8
level-Fine:5
Time: 1.43677
DefTol: 1e-06
H0-Error: 6.875236e-06
H1-Error: 8.068795e-03
memtype: cuda
prec: mixprec
