maxIter:9
level-Grob:10
level-Fine:7
Total time: 6.28166
DefTol: 1e-05
H0-Error: 3.278381e-06
H1-Error: 2.017253e-03
memtype: cuda
prec: mixprec
