maxIter:13
level-Grob:10
level-Fine:5
Total time: 0.704667
DefTol: 1e-07
H0-Error: 4.292060e-07
H1-Error: 2.017209e-03
memtype: cuda
prec: mixprec
