maxIter:17
level-Grob:10
level-Fine:2
Time: 8.70296
DefTol: 1e-07
H0-Error: 4.290881e-07
H1-Error: 2.017209e-03
memtype: cuda
prec: mixprec
