maxIter:1
level-Grob:10
level-Fine:3
Total time: 0.827251
DefTol: 1e-07
H0-Error: 4.296715e-07
H1-Error: 2.017209e-03
memtype: cuda
prec: mixprec
