maxIter:3
level-Grob:8
level-Fine:3
Total time: 0.107355
DefTol: 1e-06
H0-Error: 6.873354e-06
H1-Error: 8.068795e-03
memtype: main
prec: mixprec
