maxIter:1
level-Grob:10
level-Fine:6
Time: 787.431
DefTol: 1e-08
H0-Error: 4.414110e-07
H1-Error: 2.017209e-03
memtype: cuda
prec: mixprec
