maxIter:2
level-Grob:9
level-Fine:7
Time: 214.905
DefTol: 1e-06
H0-Error: 3.831562e-06
H1-Error: 4.034427e-03
memtype: cuda
prec: mixprec
