maxIter:5
level-Grob:7
level-Fine:6
Time: 1.56142
DefTol: 1e-05
H0-Error: 3.010098e-05
H1-Error: 1.613732e-02
memtype: cuda
prec: mixprec
