maxIter:19
level-Grob:11
level-Fine:3
Total time: 22.2568
DefTol: 1e-07
H0-Error: 1.073174e-07
H1-Error: 1.008605e-03
memtype: main
prec: mixprec
