maxIter:7
level-Grob:10
level-Fine:8
Total time: 553.187
DefTol: 1e-06
H0-Error: 1.883254e-06
H1-Error: 2.017220e-03
memtype: main
prec: mixprec
