maxIter:9
level-Grob:8
level-Fine:7
Total time: 0.590905
DefTol: 1e-05
H0-Error: 9.696979e-06
H1-Error: 8.068808e-03
memtype: cuda
prec: mixprec
