maxIter:7
level-Grob:10
level-Fine:5
Total time: 11.3921
DefTol: 1e-06
H0-Error: 4.718222e-07
H1-Error: 2.017209e-03
memtype: main
prec: mixprec
