maxIter:1
level-Grob:10
level-Fine:6
Time: 2898.5
DefTol: 1e-08
H0-Error: 4.410399e-07
H1-Error: 2.017209e-03
memtype: main
prec: mixprec
