maxIter:11
level-Grob:10
level-Fine:6
Time: 44.6117
DefTol: 1e-06
H0-Error: 4.919393e-07
H1-Error: 2.017209e-03
memtype: cuda
prec: mixprec
