maxIter:1
level-Grob:10
level-Fine:2
Time: 14.046
DefTol: 1e-07
H0-Error: 4.298061e-07
H1-Error: 2.017209e-03
memtype: main
prec: mixprec
