maxIter:1
level-Grob:11
level-Fine:1
Total time: 5.11217
DefTol: 1e-07
H0-Error: 1.073394e-07
H1-Error: 1.008605e-03
memtype: main
prec: mixprec
