maxIter:10
level-Grob:10
level-Fine:7
Total time: 6.95539
DefTol: 1e-06
H0-Error: 6.108305e-07
H1-Error: 2.017209e-03
memtype: cuda
prec: mixprec
