maxIter:10
level-Grob:9
level-Fine:8
Total time: 4.93301
DefTol: 1e-05
H0-Error: 8.698598e-06
H1-Error: 4.034543e-03
memtype: cuda
prec: mixprec
