maxIter:10
level-Grob:6
level-Fine:4
Total time: 0.006864
DefTol: 1e-06
H0-Error: 1.098307e-04
H1-Error: 3.227246e-02
memtype: main
prec: mixprec
