maxIter:2
level-Grob:8
level-Fine:7
Total time: 4.02041
DefTol: 1e-07
H0-Error: 7.052051e-06
H1-Error: 8.068795e-03
memtype: cuda
prec: mixprec
