maxIter:1
level-Grob:9
level-Fine:3
Time: 5.17123
DefTol: 1e-06
H0-Error: 1.725331e-06
H1-Error: 4.034414e-03
memtype: cuda
prec: mixprec
