maxIter:6
level-Grob:10
level-Fine:7
Total time: 179.577
DefTol: 1e-06
H0-Error: 8.926516e-07
H1-Error: 2.017211e-03
memtype: main
prec: mixprec
