maxIter:10
level-Grob:9
level-Fine:5
Total time: 1.20448
DefTol: 1e-05
H0-Error: 1.805709e-06
H1-Error: 4.034414e-03
memtype: main
prec: mixprec
