maxIter:12
level-Grob:11
level-Fine:7
Total time: 351.783
DefTol: 1e-05
H0-Error: 2.083239e-06
H1-Error: 1.008647e-03
memtype: main
prec: mixprec
