maxIter:4
level-Grob:7
level-Fine:3
Total time: 0.025636
DefTol: 1e-08
H0-Error: 2.746076e-05
H1-Error: 1.613732e-02
memtype: main
prec: mixprec
