maxIter:10
level-Grob:10
level-Fine:5
Total time: 5.95508
DefTol: 1e-06
H0-Error: 4.303046e-07
H1-Error: 2.017209e-03
memtype: main
prec: mixprec
