maxIter:10
level-Grob:8
level-Fine:6
Total time: 2.02121
DefTol: 1e-08
H0-Error: 6.866511e-06
H1-Error: 8.068795e-03
memtype: main
prec: mixprec
