maxIter:6
level-Grob:10
level-Fine:7
Total time: 13.0537
DefTol: 1e-07
H0-Error: 4.748846e-07
H1-Error: 2.017209e-03
memtype: cuda
prec: mixprec
