maxIter:5
level-Grob:9
level-Fine:5
Time: 23.3564
DefTol: 1e-07
H0-Error: 1.722834e-06
H1-Error: 4.034414e-03
memtype: main
prec: mixprec
