maxIter:2
level-Grob:5
level-Fine:3
Total time: 0.02418
DefTol: 1e-08
H0-Error: 4.391246e-04
H1-Error: 6.452751e-02
memtype: cuda
prec: mixprec
