maxIter:15
level-Grob:10
level-Fine:5
Total time: 5.00342
DefTol: 1e-05
H0-Error: 4.300868e-07
H1-Error: 2.017209e-03
memtype: main
prec: mixprec
