maxIter:2
level-Grob:6
level-Fine:2
Time: 0.332672
DefTol: 1e-07
H0-Error: 1.098305e-04
H1-Error: 3.227246e-02
memtype: cuda
prec: mixprec
