maxIter:3
level-Grob:9
level-Fine:8
Total time: 26.2283
DefTol: 1e-07
H0-Error: 1.983385e-06
H1-Error: 4.034415e-03
memtype: cuda
prec: mixprec
