maxIter:10
level-Grob:8
level-Fine:7
Total time: 4.09371
DefTol: 1e-05
H0-Error: 9.856676e-06
H1-Error: 8.068809e-03
memtype: main
prec: mixprec
