maxIter:6
level-Grob:8
level-Fine:6
Total time: 0.359307
DefTol: 1e-06
H0-Error: 7.162952e-06
H1-Error: 8.068795e-03
memtype: cuda
prec: mixprec
