maxIter:1
level-Grob:9
level-Fine:6
Time: 200.762
DefTol: 1e-08
H0-Error: 1.732350e-06
H1-Error: 4.034414e-03
memtype: cuda
prec: mixprec
