maxIter:4
level-Grob:7
level-Fine:4
Time: 0.183586
DefTol: 1e-05
H0-Error: 2.771082e-05
H1-Error: 1.613732e-02
memtype: main
prec: mixprec
