maxIter:2
level-Grob:9
level-Fine:7
Total time: 14.1747
DefTol: 1e-08
H0-Error: 1.735599e-06
H1-Error: 4.034414e-03
memtype: cuda
prec: mixprec
