maxIter:7
level-Grob:8
level-Fine:6
Time: 4.64305
DefTol: 1e-07
H0-Error: 6.885756e-06
H1-Error: 8.068795e-03
memtype: cuda
prec: mixprec
