maxIter:14
level-Grob:9
level-Fine:3
Time: 3.61228
DefTol: 1e-07
H0-Error: 1.716360e-06
H1-Error: 4.034414e-03
memtype: main
prec: mixprec
