maxIter:1
level-Grob:4
level-Fine:2
Time: 0.001987
DefTol: 1e-05
H0-Error: 1.752966e-03
H1-Error: 1.289155e-01
memtype: main
prec: mixprec
