maxIter:7
level-Grob:7
level-Fine:4
Time: 0.140994
DefTol: 1e-05
H0-Error: 2.744105e-05
H1-Error: 1.613732e-02
memtype: main
prec: mixprec
