maxIter:7
level-Grob:9
level-Fine:6
Time: 16.8657
DefTol: 1e-06
H0-Error: 1.900861e-06
H1-Error: 4.034414e-03
memtype: cuda
prec: mixprec
