maxIter:8
level-Grob:7
level-Fine:5
Total time: 0.063471
DefTol: 1e-06
H0-Error: 2.749806e-05
H1-Error: 1.613732e-02
memtype: main
prec: mixprec
