maxIter:9
level-Grob:9
level-Fine:8
Total time: 5.48045
DefTol: 1e-05
H0-Error: 9.603011e-06
H1-Error: 4.034577e-03
memtype: cuda
prec: mixprec
