maxIter:9
level-Grob:8
level-Fine:5
Time: 1.66458
DefTol: 1e-07
H0-Error: 6.868231e-06
H1-Error: 8.068795e-03
memtype: cuda
prec: mixprec
