maxIter:2
level-Grob:9
level-Fine:5
Total time: 7.43907
DefTol: 1e-05
H0-Error: 4.043701e-06
H1-Error: 4.034430e-03
memtype: main
prec: mixprec
