maxIter:8
level-Grob:9
level-Fine:8
Time: 596.761
DefTol: 1e-06
H0-Error: 2.635649e-06
H1-Error: 4.034417e-03
memtype: main
prec: mixprec
