maxIter:5
level-Grob:6
level-Fine:5
Total time: 0.057392
DefTol: 1e-06
H0-Error: 1.099575e-04
H1-Error: 3.227246e-02
memtype: cuda
prec: mixprec
