maxIter:1
level-Grob:10
level-Fine:3
Time: 14.715
DefTol: 1e-05
H0-Error: 4.921416e-07
H1-Error: 2.017209e-03
memtype: cuda
prec: mixprec
