maxIter:6
level-Grob:7
level-Fine:6
Total time: 0.436934
DefTol: 1e-06
H0-Error: 2.770774e-05
H1-Error: 1.613732e-02
memtype: main
prec: mixprec
