maxIter:4
level-Grob:8
level-Fine:6
Time: 5.98488
DefTol: 1e-05
H0-Error: 1.110075e-05
H1-Error: 8.068823e-03
memtype: cuda
prec: mixprec
