maxIter:17
level-Grob:4
level-Fine:3
Total time: 0.009008
DefTol: 1e-05
H0-Error: 1.753312e-03
H1-Error: 1.289155e-01
memtype: cuda
prec: mixprec
