maxIter:4
level-Grob:9
level-Fine:5
Total time: 3.05649
DefTol: 1e-05
H0-Error: 5.234761e-06
H1-Error: 4.034456e-03
memtype: main
prec: mixprec
