maxIter:8
level-Grob:10
level-Fine:8
Total time: 599.407
DefTol: 1e-07
H0-Error: 4.998730e-07
H1-Error: 2.017209e-03
memtype: main
prec: mixprec
