maxIter:8
level-Grob:8
level-Fine:5
Total time: 0.121155
DefTol: 1e-07
H0-Error: 6.868719e-06
H1-Error: 8.068795e-03
memtype: cuda
prec: mixprec
