maxIter:16
level-Grob:10
level-Fine:1
Total time: 1.81069
DefTol: 1e-05
H0-Error: 4.291942e-07
H1-Error: 2.017209e-03
memtype: main
prec: mixprec
