maxIter:1
level-Grob:8
level-Fine:4
Total time: 1.37861
DefTol: 1e-06
H0-Error: 7.018761e-06
H1-Error: 8.068795e-03
memtype: main
prec: mixprec
