maxIter:7
level-Grob:5
level-Fine:4
Time: 0.169836
DefTol: 1e-06
H0-Error: 4.391234e-04
H1-Error: 6.452751e-02
memtype: cuda
prec: mixprec
