maxIter:16
level-Grob:10
level-Fine:6
Time: 28.6854
DefTol: 1e-06
H0-Error: 4.516449e-07
H1-Error: 2.017209e-03
memtype: cuda
prec: mixprec
