maxIter:4
level-Grob:10
level-Fine:5
Time: 29.3324
DefTol: 1e-06
H0-Error: 7.224957e-07
H1-Error: 2.017210e-03
memtype: cuda
prec: mixprec
