maxIter:17
level-Grob:9
level-Fine:5
Total time: 0.233911
DefTol: 1e-07
H0-Error: 1.716462e-06
H1-Error: 4.034414e-03
memtype: cuda
prec: mixprec
