maxIter:1
level-Grob:7
level-Fine:6
Total time: 1.58126
DefTol: 1e-07
H0-Error: 2.767631e-05
H1-Error: 1.613732e-02
memtype: cuda
prec: mixprec
