maxIter:5
level-Grob:11
level-Fine:4
Total time: 1.41102
DefTol: 1e-07
H0-Error: 1.077896e-07
H1-Error: 1.008605e-03
memtype: cuda
prec: mixprec
