maxIter:6
level-Grob:10
level-Fine:3
Total time: 1.24528
DefTol: 1e-05
H0-Error: 4.302555e-07
H1-Error: 2.017209e-03
memtype: main
prec: mixprec
