maxIter:5
level-Grob:9
level-Fine:6
Time: 20.3237
DefTol: 1e-05
H0-Error: 3.871222e-06
H1-Error: 4.034428e-03
memtype: cuda
prec: mixprec
