maxIter:10
level-Grob:9
level-Fine:5
Time: 7.7074
DefTol: 1e-06
H0-Error: 1.727818e-06
H1-Error: 4.034414e-03
memtype: main
prec: mixprec
