maxIter:7
level-Grob:9
level-Fine:4
Time: 3.0352
DefTol: 1e-05
H0-Error: 1.716872e-06
H1-Error: 4.034414e-03
memtype: main
prec: mixprec
