maxIter:6
level-Grob:3
level-Fine:2
Time: 0.00064
DefTol: 1e-05
H0-Error: 6.962303e-03
H1-Error: 2.567055e-01
memtype: main
prec: mixprec
