maxIter:6
level-Grob:9
level-Fine:6
Total time: 0.76843
DefTol: 1e-05
H0-Error: 5.203304e-06
H1-Error: 4.034451e-03
memtype: cuda
prec: mixprec
