maxIter:5
level-Grob:8
level-Fine:6
Time: 7.65401
DefTol: 1e-08
H0-Error: 6.867517e-06
H1-Error: 8.068795e-03
memtype: cuda
prec: mixprec
