maxIter:1
level-Grob:8
level-Fine:3
Total time: 0.34723
DefTol: 1e-05
H0-Error: 7.005113e-06
H1-Error: 8.068795e-03
memtype: main
prec: mixprec
