maxIter:2
level-Grob:8
level-Fine:7
Total time: 2.73378
DefTol: 1e-05
H0-Error: 2.800940e-05
H1-Error: 8.069388e-03
memtype: cuda
prec: mixprec
