maxIter:9
level-Grob:10
level-Fine:6
Total time: 30.0723
DefTol: 1e-06
H0-Error: 6.023586e-07
H1-Error: 2.017210e-03
memtype: main
prec: mixprec
