maxIter:10
level-Grob:8
level-Fine:4
Time: 1.18911
DefTol: 1e-06
H0-Error: 6.865339e-06
H1-Error: 8.068795e-03
memtype: cuda
prec: mixprec
