maxIter:1
level-Grob:8
level-Fine:7
Time: 470.085
DefTol: 1e-08
H0-Error: 6.906468e-06
H1-Error: 8.068795e-03
memtype: main
prec: mixprec
