maxIter:18
level-Grob:11
level-Fine:6
Total time: 75.4763
DefTol: 1e-05
H0-Error: 3.270122e-07
H1-Error: 1.008606e-03
memtype: main
prec: mixprec
