maxIter:18
level-Grob:10
level-Fine:6
Time: 23.0634
DefTol: 1e-06
H0-Error: 4.336104e-07
H1-Error: 2.017209e-03
memtype: cuda
prec: mixprec
