maxIter:15
level-Grob:10
level-Fine:6
Time: 107.596
DefTol: 1e-07
H0-Error: 4.328172e-07
H1-Error: 2.017209e-03
memtype: main
prec: mixprec
