maxIter:7
level-Grob:8
level-Fine:5
Time: 2.37026
DefTol: 1e-08
H0-Error: 6.865821e-06
H1-Error: 8.068795e-03
memtype: cuda
prec: mixprec
