maxIter:8
level-Grob:9
level-Fine:8
Time: 151.987
DefTol: 1e-05
H0-Error: 1.178631e-05
H1-Error: 4.034676e-03
memtype: cuda
prec: mixprec
