maxIter:4
level-Grob:9
level-Fine:7
Total time: 3.79854
DefTol: 1e-05
H0-Error: 1.366245e-05
H1-Error: 4.034781e-03
memtype: cuda
prec: mixprec
