maxIter:3
level-Grob:4
level-Fine:3
Total time: 0.011245
DefTol: 1e-07
H0-Error: 1.753313e-03
H1-Error: 1.289155e-01
memtype: cuda
prec: mixprec
