maxIter:8
level-Grob:8
level-Fine:6
Total time: 0.235323
DefTol: 1e-05
H0-Error: 8.656429e-06
H1-Error: 8.068801e-03
memtype: cuda
prec: mixprec
