maxIter:8
level-Grob:9
level-Fine:6
Total time: 8.88022
DefTol: 1e-07
H0-Error: 1.733893e-06
H1-Error: 4.034414e-03
memtype: main
prec: mixprec
