maxIter:3
level-Grob:10
level-Fine:6
Total time: 79.7782
DefTol: 1e-05
H0-Error: 5.371223e-06
H1-Error: 2.017334e-03
memtype: main
prec: mixprec
