maxIter:10
level-Grob:7
level-Fine:6
Total time: 0.145421
DefTol: 1e-08
H0-Error: 2.746216e-05
H1-Error: 1.613732e-02
memtype: cuda
prec: mixprec
