maxIter:4
level-Grob:10
level-Fine:3
Time: 11.5513
DefTol: 1e-07
H0-Error: 4.291806e-07
H1-Error: 2.017209e-03
memtype: main
prec: mixprec
