maxIter:5
level-Grob:9
level-Fine:7
Time: 230.376
DefTol: 1e-05
H0-Error: 6.805339e-06
H1-Error: 4.034484e-03
memtype: main
prec: mixprec
