maxIter:5
level-Grob:9
level-Fine:3
Time: 2.82921
DefTol: 1e-06
H0-Error: 1.716404e-06
H1-Error: 4.034414e-03
memtype: cuda
prec: mixprec
