maxIter:12
level-Grob:11
level-Fine:6
Total time: 91.0612
DefTol: 1e-05
H0-Error: 7.884230e-07
H1-Error: 1.008612e-03
memtype: main
prec: mixprec
