maxIter:1
level-Grob:10
level-Fine:1
Total time: 0.86309
DefTol: 1e-05
H0-Error: 4.353079e-07
H1-Error: 2.017209e-03
memtype: main
prec: mixprec
