maxIter:2
level-Grob:11
level-Fine:2
Total time: 6.39465
DefTol: 1e-06
H0-Error: 1.076267e-07
H1-Error: 1.008605e-03
memtype: main
prec: mixprec
