maxIter:8
level-Grob:8
level-Fine:6
Time: 8.33568
DefTol: 1e-06
H0-Error: 7.009607e-06
H1-Error: 8.068795e-03
memtype: main
prec: mixprec
