maxIter:7
level-Grob:6
level-Fine:4
Total time: 0.031272
DefTol: 1e-07
H0-Error: 1.098301e-04
H1-Error: 3.227246e-02
memtype: cuda
prec: mixprec
