maxIter:6
level-Grob:8
level-Fine:6
Time: 15.5266
DefTol: 1e-08
H0-Error: 6.868520e-06
H1-Error: 8.068795e-03
memtype: main
prec: mixprec
