maxIter:11
level-Grob:10
level-Fine:5
Time: 34.7621
DefTol: 1e-07
H0-Error: 4.301640e-07
H1-Error: 2.017209e-03
memtype: main
prec: mixprec
