maxIter:9
level-Grob:9
level-Fine:8
Time: 699.199
DefTol: 1e-08
H0-Error: 1.723248e-06
H1-Error: 4.034414e-03
memtype: main
prec: mixprec
