maxIter:19
level-Grob:11
level-Fine:5
Total time: 29.2278
DefTol: 1e-06
H0-Error: 1.073378e-07
H1-Error: 1.008605e-03
memtype: main
prec: mixprec
