maxIter:7
level-Grob:5
level-Fine:1
Time: 0.144973
DefTol: 1e-05
H0-Error: 4.391401e-04
H1-Error: 6.452751e-02
memtype: cuda
prec: mixprec
