maxIter:3
level-Grob:8
level-Fine:6
Total time: 0.576377
DefTol: 1e-05
H0-Error: 1.472197e-05
H1-Error: 8.068884e-03
memtype: cuda
prec: mixprec
