maxIter:2
level-Grob:10
level-Fine:6
Time: 245.013
DefTol: 1e-06
H0-Error: 8.986557e-07
H1-Error: 2.017211e-03
memtype: cuda
prec: mixprec
