maxIter:13
level-Grob:2
level-Fine:1
Total time: 0.003704
DefTol: 1e-08
H0-Error: 2.702817e-02
H1-Error: 5.041381e-01
memtype: cuda
prec: mixprec
