maxIter:14
level-Grob:10
level-Fine:3
Total time: 0.422985
DefTol: 1e-05
H0-Error: 4.291481e-07
H1-Error: 2.017209e-03
memtype: cuda
prec: mixprec
