maxIter:1
level-Grob:2
level-Fine:1
Time: 0.000739
DefTol: 1e-06
H0-Error: 2.702817e-02
H1-Error: 5.041381e-01
memtype: main
prec: mixprec
