maxIter:4
level-Grob:11
level-Fine:3
Total time: 0.885625
DefTol: 1e-06
H0-Error: 1.072985e-07
H1-Error: 1.008605e-03
memtype: cuda
prec: mixprec
