maxIter:10
level-Grob:9
level-Fine:2
Total time: 0.172786
DefTol: 1e-08
H0-Error: 1.716361e-06
H1-Error: 4.034414e-03
memtype: cuda
prec: mixprec
