maxIter:4
level-Grob:9
level-Fine:4
Total time: 0.218953
DefTol: 1e-06
H0-Error: 1.760670e-06
H1-Error: 4.034414e-03
memtype: cuda
prec: mixprec
