maxIter:1
level-Grob:7
level-Fine:6
Total time: 3.33831
DefTol: 1e-06
H0-Error: 2.963437e-05
H1-Error: 1.613732e-02
memtype: main
prec: mixprec
