maxIter:13
level-Grob:10
level-Fine:6
Time: 132.451
DefTol: 1e-06
H0-Error: 4.863647e-07
H1-Error: 2.017209e-03
memtype: main
prec: mixprec
