maxIter:4
level-Grob:6
level-Fine:2
Total time: 0.026695
DefTol: 1e-08
H0-Error: 1.098307e-04
H1-Error: 3.227246e-02
memtype: cuda
prec: mixprec
