maxIter:12
level-Grob:9
level-Fine:4
Total time: 0.536208
DefTol: 1e-05
H0-Error: 1.716443e-06
H1-Error: 4.034414e-03
memtype: main
prec: mixprec
