maxIter:2
level-Grob:8
level-Fine:4
Total time: 0.427497
DefTol: 1e-05
H0-Error: 8.438146e-06
H1-Error: 8.068800e-03
memtype: main
prec: mixprec
