maxIter:6
level-Grob:9
level-Fine:6
Total time: 0.919554
DefTol: 1e-06
H0-Error: 2.034050e-06
H1-Error: 4.034415e-03
memtype: cuda
prec: mixprec
