maxIter:6
level-Grob:8
level-Fine:6
Time: 13.2602
DefTol: 1e-07
H0-Error: 6.895810e-06
H1-Error: 8.068795e-03
memtype: main
prec: mixprec
