maxIter:2
level-Grob:8
level-Fine:5
Total time: 2.10032
DefTol: 1e-06
H0-Error: 7.165703e-06
H1-Error: 8.068795e-03
memtype: main
prec: mixprec
