maxIter:2
level-Grob:11
level-Fine:4
Total time: 43.2262
DefTol: 1e-05
H0-Error: 4.945709e-07
H1-Error: 1.008607e-03
memtype: main
prec: mixprec
