maxIter:4
level-Grob:6
level-Fine:3
Total time: 0.024244
DefTol: 1e-06
H0-Error: 1.098299e-04
H1-Error: 3.227246e-02
memtype: cuda
prec: mixprec
