maxIter:7
level-Grob:9
level-Fine:6
Time: 40.775
DefTol: 1e-05
H0-Error: 3.591047e-06
H1-Error: 4.034426e-03
memtype: main
prec: mixprec
