maxIter:20
level-Grob:10
level-Fine:6
Time: 21.2032
DefTol: 1e-06
H0-Error: 4.320444e-07
H1-Error: 2.017209e-03
memtype: cuda
prec: mixprec
