maxIter:8
level-Grob:9
level-Fine:2
Time: 2.05528
DefTol: 1e-05
H0-Error: 1.716359e-06
H1-Error: 4.034414e-03
memtype: main
prec: mixprec
