maxIter:6
level-Grob:8
level-Fine:5
Total time: 0.783951
DefTol: 1e-07
H0-Error: 6.873778e-06
H1-Error: 8.068795e-03
memtype: main
prec: mixprec
