maxIter:3
level-Grob:11
level-Fine:3
Total time: 1.12438
DefTol: 1e-08
H0-Error: 1.073459e-07
H1-Error: 1.008605e-03
memtype: cuda
prec: mixprec
