maxIter:9
level-Grob:10
level-Fine:6
Total time: 1.69916
DefTol: 1e-05
H0-Error: 2.445126e-06
H1-Error: 2.017237e-03
memtype: cuda
prec: mixprec
