maxIter:4
level-Grob:10
level-Fine:6
Total time: 95.2219
DefTol: 1e-08
H0-Error: 4.331114e-07
H1-Error: 2.017209e-03
memtype: main
prec: mixprec
