maxIter:11
level-Grob:9
level-Fine:4
Time: 2.75259
DefTol: 1e-05
H0-Error: 1.718459e-06
H1-Error: 4.034414e-03
memtype: main
prec: mixprec
