maxIter:19
level-Grob:11
level-Fine:6
Total time: 75.1855
DefTol: 1e-05
H0-Error: 2.454062e-07
H1-Error: 1.008605e-03
memtype: main
prec: mixprec
