maxIter:6
level-Grob:9
level-Fine:7
Time: 64.9868
DefTol: 1e-06
H0-Error: 2.329604e-06
H1-Error: 4.034416e-03
memtype: cuda
prec: mixprec
