maxIter:8
level-Grob:7
level-Fine:6
Time: 0.995886
DefTol: 1e-05
H0-Error: 2.949054e-05
H1-Error: 1.613732e-02
memtype: cuda
prec: mixprec
