maxIter:2
level-Grob:11
level-Fine:4
Total time: 3.28781
DefTol: 1e-06
H0-Error: 1.498151e-07
H1-Error: 1.008605e-03
memtype: cuda
prec: mixprec
