maxIter:3
level-Grob:7
level-Fine:3
Time: 0.090836
DefTol: 1e-05
H0-Error: 2.741889e-05
H1-Error: 1.613732e-02
memtype: main
prec: mixprec
