maxIter:12
level-Grob:10
level-Fine:5
Time: 37.8188
DefTol: 1e-07
H0-Error: 4.294391e-07
H1-Error: 2.017209e-03
memtype: main
prec: mixprec
