maxIter:3
level-Grob:9
level-Fine:5
Total time: 0.676292
DefTol: 1e-07
H0-Error: 1.739586e-06
H1-Error: 4.034414e-03
memtype: cuda
prec: mixprec
