maxIter:16
level-Grob:11
level-Fine:6
Total time: 72.2083
DefTol: 1e-05
H0-Error: 2.968825e-07
H1-Error: 1.008606e-03
memtype: main
prec: mixprec
