maxIter:5
level-Grob:7
level-Fine:5
Time: 0.71485
DefTol: 1e-06
H0-Error: 2.759894e-05
H1-Error: 1.613732e-02
memtype: main
prec: mixprec
