maxIter:1
level-Grob:10
level-Fine:1
Time: 4.90119
DefTol: 1e-05
H0-Error: 4.352496e-07
H1-Error: 2.017209e-03
memtype: main
prec: mixprec
