maxIter:9
level-Grob:10
level-Fine:8
Total time: 539.956
DefTol: 1e-07
H0-Error: 4.817959e-07
H1-Error: 2.017209e-03
memtype: main
prec: mixprec
