maxIter:4
level-Grob:11
level-Fine:3
Total time: 6.42513
DefTol: 1e-05
H0-Error: 1.179161e-07
H1-Error: 1.008605e-03
memtype: main
prec: mixprec
