maxIter:10
level-Grob:10
level-Fine:6
Time: 47.323
DefTol: 1e-06
H0-Error: 5.377631e-07
H1-Error: 2.017209e-03
memtype: cuda
prec: mixprec
