maxIter:6
level-Grob:8
level-Fine:6
Time: 3.94306
DefTol: 1e-05
H0-Error: 1.072472e-05
H1-Error: 8.068819e-03
memtype: cuda
prec: mixprec
