maxIter:4
level-Grob:8
level-Fine:4
Total time: 0.215562
DefTol: 1e-05
H0-Error: 7.181249e-06
H1-Error: 8.068795e-03
memtype: main
prec: mixprec
