maxIter:9
level-Grob:10
level-Fine:5
Total time: 0.788063
DefTol: 1e-07
H0-Error: 4.329164e-07
H1-Error: 2.017209e-03
memtype: cuda
prec: mixprec
