maxIter:2
level-Grob:7
level-Fine:5
Time: 1.58114
DefTol: 1e-05
H0-Error: 3.114409e-05
H1-Error: 1.613733e-02
memtype: main
prec: mixprec
