maxIter:4
level-Grob:7
level-Fine:5
Time: 0.715245
DefTol: 1e-05
H0-Error: 2.919301e-05
H1-Error: 1.613732e-02
memtype: main
prec: mixprec
