maxIter:4
level-Grob:9
level-Fine:7
Time: 272.236
DefTol: 1e-05
H0-Error: 1.366467e-05
H1-Error: 4.034781e-03
memtype: main
prec: mixprec
