maxIter:2
level-Grob:11
level-Fine:4
Total time: 2.88797
DefTol: 1e-05
H0-Error: 4.532530e-07
H1-Error: 1.008606e-03
memtype: cuda
prec: mixprec
