maxIter:10
level-Grob:9
level-Fine:8
Time: 459.09
DefTol: 1e-06
H0-Error: 2.361961e-06
H1-Error: 4.034416e-03
memtype: main
prec: mixprec
