maxIter:1
level-Grob:8
level-Fine:1
Time: 1.13936
DefTol: 1e-07
H0-Error: 6.865458e-06
H1-Error: 8.068795e-03
memtype: cuda
prec: mixprec
