maxIter:8
level-Grob:8
level-Fine:6
Total time: 0.361037
DefTol: 1e-08
H0-Error: 6.866912e-06
H1-Error: 8.068795e-03
memtype: cuda
prec: mixprec
