maxIter:2
level-Grob:8
level-Fine:7
Total time: 22.3552
DefTol: 1e-05
H0-Error: 2.815617e-05
H1-Error: 8.069396e-03
memtype: main
prec: mixprec
