maxIter:17
level-Grob:10
level-Fine:3
Time: 26.2783
DefTol: 1e-08
H0-Error: 4.290882e-07
H1-Error: 2.017209e-03
memtype: main
prec: mixprec
