maxIter:3
level-Grob:10
level-Fine:5
Time: 42.1694
DefTol: 1e-06
H0-Error: 5.641906e-07
H1-Error: 2.017209e-03
memtype: cuda
prec: mixprec
