maxIter:6
level-Grob:6
level-Fine:5
Time: 0.120021
DefTol: 1e-07
H0-Error: 1.098423e-04
H1-Error: 3.227246e-02
memtype: main
prec: mixprec
