maxIter:1
level-Grob:10
level-Fine:4
Time: 158.382
DefTol: 1e-06
H0-Error: 5.075139e-07
H1-Error: 2.017209e-03
memtype: main
prec: mixprec
