maxIter:2
level-Grob:10
level-Fine:8
Total time: 157.137
DefTol: 1e-07
H0-Error: 8.591555e-07
H1-Error: 2.017210e-03
memtype: cuda
prec: mixprec
