maxIter:1
level-Grob:9
level-Fine:2
Total time: 0.406044
DefTol: 1e-05
H0-Error: 1.797782e-06
H1-Error: 4.034414e-03
memtype: main
prec: mixprec
