maxIter:2
level-Grob:9
level-Fine:2
Time: 1.42308
DefTol: 1e-06
H0-Error: 1.719209e-06
H1-Error: 4.034414e-03
memtype: main
prec: mixprec
