maxIter:6
level-Grob:10
level-Fine:7
Total time: 11.0769
DefTol: 1e-06
H0-Error: 9.340376e-07
H1-Error: 2.017211e-03
memtype: cuda
prec: mixprec
