maxIter:1
level-Grob:9
level-Fine:6
Total time: 92.8204
DefTol: 1e-07
H0-Error: 1.885760e-06
H1-Error: 4.034414e-03
memtype: main
prec: mixprec
