maxIter:1
level-Grob:9
level-Fine:3
Total time: 2.24381
DefTol: 1e-08
H0-Error: 1.716444e-06
H1-Error: 4.034414e-03
memtype: main
prec: mixprec
