maxIter:5
level-Grob:10
level-Fine:6
Time: 120.699
DefTol: 1e-08
H0-Error: 4.310918e-07
H1-Error: 2.017209e-03
memtype: cuda
prec: mixprec
