maxIter:10
level-Grob:8
level-Fine:7
Total time: 5.0126
DefTol: 1e-06
H0-Error: 7.167191e-06
H1-Error: 8.068795e-03
memtype: main
prec: mixprec
