maxIter:1
level-Grob:6
level-Fine:3
Time: 0.070552
DefTol: 1e-06
H0-Error: 1.098752e-04
H1-Error: 3.227246e-02
memtype: main
prec: mixprec
