maxIter:10
level-Grob:10
level-Fine:7
Total time: 9.27102
DefTol: 1e-08
H0-Error: 4.308095e-07
H1-Error: 2.017209e-03
memtype: cuda
prec: mixprec
