maxIter:1
level-Grob:8
level-Fine:7
Time: 400.331
DefTol: 1e-07
H0-Error: 7.282359e-06
H1-Error: 8.068795e-03
memtype: main
prec: mixprec
