maxIter:12
level-Grob:10
level-Fine:3
Time: 7.96
DefTol: 1e-06
H0-Error: 4.291407e-07
H1-Error: 2.017209e-03
memtype: cuda
prec: mixprec
