maxIter:7
level-Grob:10
level-Fine:6
Total time: 32.2845
DefTol: 1e-05
H0-Error: 2.305061e-06
H1-Error: 2.017230e-03
memtype: main
prec: mixprec
