maxIter:6
level-Grob:8
level-Fine:6
Total time: 0.298549
DefTol: 1e-05
H0-Error: 1.072514e-05
H1-Error: 8.068819e-03
memtype: cuda
prec: mixprec
