maxIter:8
level-Grob:7
level-Fine:6
Total time: 0.365249
DefTol: 1e-07
H0-Error: 2.748718e-05
H1-Error: 1.613732e-02
memtype: main
prec: mixprec
