maxIter:1
level-Grob:8
level-Fine:3
Total time: 0.141721
DefTol: 1e-07
H0-Error: 6.866672e-06
H1-Error: 8.068795e-03
memtype: cuda
prec: mixprec
