maxIter:4
level-Grob:8
level-Fine:7
Total time: 17.3366
DefTol: 1e-08
H0-Error: 6.876088e-06
H1-Error: 8.068795e-03
memtype: main
prec: mixprec
