maxIter:10
level-Grob:9
level-Fine:8
Total time: 6.03334
DefTol: 1e-06
H0-Error: 2.362504e-06
H1-Error: 4.034416e-03
memtype: cuda
prec: mixprec
