maxIter:4
level-Grob:10
level-Fine:6
Total time: 5.3811
DefTol: 1e-07
H0-Error: 4.677132e-07
H1-Error: 2.017209e-03
memtype: cuda
prec: mixprec
