maxIter:18
level-Grob:10
level-Fine:3
Total time: 0.441507
DefTol: 1e-06
H0-Error: 4.291485e-07
H1-Error: 2.017209e-03
memtype: cuda
prec: mixprec
