maxIter:4
level-Grob:10
level-Fine:5
Total time: 20.438
DefTol: 1e-07
H0-Error: 4.513692e-07
H1-Error: 2.017209e-03
memtype: main
prec: mixprec
