maxIter:10
level-Grob:7
level-Fine:5
Time: 0.666838
DefTol: 1e-05
H0-Error: 2.765174e-05
H1-Error: 1.613732e-02
memtype: cuda
prec: mixprec
