maxIter:1
level-Grob:10
level-Fine:6
Total time: 291.412
DefTol: 1e-05
H0-Error: 1.480270e-05
H1-Error: 2.018231e-03
memtype: main
prec: mixprec
