maxIter:18
level-Grob:10
level-Fine:6
Time: 95.4961
DefTol: 1e-08
H0-Error: 4.292286e-07
H1-Error: 2.017209e-03
memtype: main
prec: mixprec
