maxIter:1
level-Grob:9
level-Fine:1
Time: 1.24049
DefTol: 1e-06
H0-Error: 1.718046e-06
H1-Error: 4.034414e-03
memtype: main
prec: mixprec
