maxIter:4
level-Grob:7
level-Fine:3
Total time: 0.040063
DefTol: 1e-05
H0-Error: 2.742936e-05
H1-Error: 1.613732e-02
memtype: cuda
prec: mixprec
