maxIter:7
level-Grob:10
level-Fine:6
Time: 51.5994
DefTol: 1e-05
H0-Error: 2.234181e-06
H1-Error: 2.017229e-03
memtype: cuda
prec: mixprec
