maxIter:1
level-Grob:7
level-Fine:5
Total time: 0.380533
DefTol: 1e-05
H0-Error: 3.766718e-05
H1-Error: 1.613740e-02
memtype: cuda
prec: mixprec
