maxIter:10
level-Grob:7
level-Fine:5
Total time: 0.064866
DefTol: 1e-05
H0-Error: 2.765085e-05
H1-Error: 1.613732e-02
memtype: main
prec: mixprec
