maxIter:1
level-Grob:6
level-Fine:2
Total time: 0.005211
DefTol: 1e-06
H0-Error: 1.098603e-04
H1-Error: 3.227246e-02
memtype: main
prec: mixprec
