maxIter:9
level-Grob:10
level-Fine:6
Time: 180.145
DefTol: 1e-06
H0-Error: 5.579304e-07
H1-Error: 2.017209e-03
memtype: main
prec: mixprec
