maxIter:3
level-Grob:10
level-Fine:2
Time: 5.81781
DefTol: 1e-05
H0-Error: 4.353666e-07
H1-Error: 2.017209e-03
memtype: cuda
prec: mixprec
