maxIter:8
level-Grob:11
level-Fine:1
Total time: 9.69519
DefTol: 1e-06
H0-Error: 1.073095e-07
H1-Error: 1.008605e-03
memtype: main
prec: mixprec
