maxIter:15
level-Grob:9
level-Fine:3
Time: 3.18282
DefTol: 1e-05
H0-Error: 1.716360e-06
H1-Error: 4.034414e-03
memtype: cuda
prec: mixprec
