maxIter:3
level-Grob:10
level-Fine:6
Total time: 8.47169
DefTol: 1e-08
H0-Error: 4.332492e-07
H1-Error: 2.017209e-03
memtype: cuda
prec: mixprec
