maxIter:7
level-Grob:9
level-Fine:8
Time: 640.538
DefTol: 1e-06
H0-Error: 2.991765e-06
H1-Error: 4.034419e-03
memtype: main
prec: mixprec
