maxIter:20
level-Grob:10
level-Fine:6
Time: 70.681
DefTol: 1e-06
H0-Error: 4.297652e-07
H1-Error: 2.017209e-03
memtype: main
prec: mixprec
