maxIter:9
level-Grob:8
level-Fine:7
Time: 23.615
DefTol: 1e-05
H0-Error: 9.697474e-06
H1-Error: 8.068808e-03
memtype: main
prec: mixprec
