maxIter:1
level-Grob:7
level-Fine:6
Time: 10.6632
DefTol: 1e-06
H0-Error: 2.965373e-05
H1-Error: 1.613732e-02
memtype: cuda
prec: mixprec
