maxIter:5
level-Grob:10
level-Fine:8
Total time: 68.3521
DefTol: 1e-08
H0-Error: 4.397229e-07
H1-Error: 2.017209e-03
memtype: cuda
prec: mixprec
