maxIter:1
level-Grob:7
level-Fine:2
Time: 0.123928
DefTol: 1e-07
H0-Error: 2.746262e-05
H1-Error: 1.613732e-02
memtype: main
prec: mixprec
