maxIter:9
level-Grob:8
level-Fine:1
Total time: 0.085823
DefTol: 1e-07
H0-Error: 6.865389e-06
H1-Error: 8.068795e-03
memtype: cuda
prec: mixprec
