maxIter:1
level-Grob:10
level-Fine:5
Total time: 96.7857
DefTol: 1e-06
H0-Error: 8.489283e-07
H1-Error: 2.017210e-03
memtype: main
prec: mixprec
