maxIter:2
level-Grob:6
level-Fine:2
Total time: 0.022068
DefTol: 1e-06
H0-Error: 1.098305e-04
H1-Error: 3.227246e-02
memtype: cuda
prec: mixprec
