maxIter:7
level-Grob:8
level-Fine:3
Total time: 0.077227
DefTol: 1e-05
H0-Error: 6.865418e-06
H1-Error: 8.068795e-03
memtype: cuda
prec: mixprec
