maxIter:3
level-Grob:4
level-Fine:2
Time: 0.00148
DefTol: 1e-07
H0-Error: 1.753315e-03
H1-Error: 1.289155e-01
memtype: main
prec: mixprec
