maxIter:20
level-Grob:11
level-Fine:3
Total time: 23.0205
DefTol: 1e-07
H0-Error: 1.073174e-07
H1-Error: 1.008605e-03
memtype: main
prec: mixprec
