maxIter:4
level-Grob:8
level-Fine:7
Total time: 1.25808
DefTol: 1e-05
H0-Error: 1.882358e-05
H1-Error: 8.068993e-03
memtype: cuda
prec: mixprec
