maxIter:4
level-Grob:11
level-Fine:2
Total time: 5.09634
DefTol: 1e-06
H0-Error: 1.073118e-07
H1-Error: 1.008605e-03
memtype: main
prec: mixprec
