maxIter:18
level-Grob:3
level-Fine:2
Total time: 0.011001
DefTol: 1e-08
H0-Error: 6.962289e-03
H1-Error: 2.567055e-01
memtype: cuda
prec: mixprec
