maxIter:18
level-Grob:10
level-Fine:6
Time: 26.4042
DefTol: 1e-07
H0-Error: 4.294159e-07
H1-Error: 2.017209e-03
memtype: cuda
prec: mixprec
