maxIter:8
level-Grob:10
level-Fine:4
Time: 12.5855
DefTol: 1e-05
H0-Error: 4.309365e-07
H1-Error: 2.017209e-03
memtype: main
prec: mixprec
