maxIter:4
level-Grob:7
level-Fine:6
Total time: 0.223233
DefTol: 1e-05
H0-Error: 3.130581e-05
H1-Error: 1.613733e-02
memtype: cuda
prec: mixprec
