maxIter:12
level-Grob:10
level-Fine:6
Time: 34.3832
DefTol: 1e-05
H0-Error: 1.142388e-06
H1-Error: 2.017213e-03
memtype: cuda
prec: mixprec
