maxIter:2
level-Grob:7
level-Fine:6
Time: 6.92247
DefTol: 1e-06
H0-Error: 2.824447e-05
H1-Error: 1.613732e-02
memtype: main
prec: mixprec
