maxIter:9
level-Grob:10
level-Fine:6
Total time: 25.185
DefTol: 1e-05
H0-Error: 1.954501e-06
H1-Error: 2.017225e-03
memtype: main
prec: mixprec
