maxIter:19
level-Grob:11
level-Fine:4
Total time: 23.0913
DefTol: 1e-07
H0-Error: 1.073260e-07
H1-Error: 1.008605e-03
memtype: main
prec: mixprec
