maxIter:3
level-Grob:7
level-Fine:2
Time: 0.656954
DefTol: 1e-07
H0-Error: 2.746077e-05
H1-Error: 1.613732e-02
memtype: cuda
prec: mixprec
