maxIter:9
level-Grob:7
level-Fine:5
Time: 0.287961
DefTol: 1e-05
H0-Error: 2.803633e-05
H1-Error: 1.613732e-02
memtype: main
prec: mixprec
