maxIter:8
level-Grob:10
level-Fine:6
Total time: 1.95938
DefTol: 1e-05
H0-Error: 2.088952e-06
H1-Error: 2.017227e-03
memtype: cuda
prec: mixprec
