maxIter:6
level-Grob:8
level-Fine:6
Time: 5.46553
DefTol: 1e-07
H0-Error: 6.895788e-06
H1-Error: 8.068795e-03
memtype: cuda
prec: mixprec
