maxIter:3
level-Grob:7
level-Fine:2
Total time: 0.01283
DefTol: 1e-06
H0-Error: 2.746067e-05
H1-Error: 1.613732e-02
memtype: main
prec: mixprec
