maxIter:3
level-Grob:8
level-Fine:6
Total time: 6.74528
DefTol: 1e-08
H0-Error: 6.872236e-06
H1-Error: 8.068795e-03
memtype: main
prec: mixprec
