maxIter:3
level-Grob:8
level-Fine:5
Time: 3.2462
DefTol: 1e-06
H0-Error: 7.179539e-06
H1-Error: 8.068795e-03
memtype: cuda
prec: mixprec
