maxIter:16
level-Grob:11
level-Fine:5
Total time: 29.2511
DefTol: 1e-06
H0-Error: 1.089795e-07
H1-Error: 1.008605e-03
memtype: main
prec: mixprec
