maxIter:9
level-Grob:8
level-Fine:5
Total time: 0.511866
DefTol: 1e-08
H0-Error: 6.865697e-06
H1-Error: 8.068795e-03
memtype: main
prec: mixprec
