maxIter:1
level-Grob:10
level-Fine:4
Total time: 1.98404
DefTol: 1e-06
H0-Error: 5.075049e-07
H1-Error: 2.017209e-03
memtype: cuda
prec: mixprec
