maxIter:1
level-Grob:9
level-Fine:8
Time: 5467.09
DefTol: 1e-07
H0-Error: 3.080134e-06
H1-Error: 4.034420e-03
memtype: main
prec: mixprec
