maxIter:14
level-Grob:10
level-Fine:6
Total time: 1.79273
DefTol: 1e-07
H0-Error: 4.329297e-07
H1-Error: 2.017209e-03
memtype: cuda
prec: mixprec
