maxIter:1
level-Grob:10
level-Fine:4
Time: 132.467
DefTol: 1e-05
H0-Error: 1.266073e-06
H1-Error: 2.017213e-03
memtype: main
prec: mixprec
