maxIter:6
level-Grob:10
level-Fine:5
Total time: 11.1006
DefTol: 1e-05
H0-Error: 1.057075e-06
H1-Error: 2.017212e-03
memtype: main
prec: mixprec
