maxIter:3
level-Grob:8
level-Fine:5
Time: 5.15913
DefTol: 1e-05
H0-Error: 9.587361e-06
H1-Error: 8.068807e-03
memtype: main
prec: mixprec
