maxIter:3
level-Grob:9
level-Fine:7
Total time: 5.09548
DefTol: 1e-05
H0-Error: 1.996021e-05
H1-Error: 4.035255e-03
memtype: cuda
prec: mixprec
