maxIter:1
level-Grob:10
level-Fine:4
Time: 38.4926
DefTol: 1e-05
H0-Error: 1.265872e-06
H1-Error: 2.017213e-03
memtype: cuda
prec: mixprec
