maxIter:7
level-Grob:11
level-Fine:1
Total time: 0.817905
DefTol: 1e-05
H0-Error: 1.133378e-07
H1-Error: 1.008605e-03
memtype: cuda
prec: mixprec
