maxIter:5
level-Grob:11
level-Fine:3
Total time: 0.90579
DefTol: 1e-07
H0-Error: 1.073793e-07
H1-Error: 1.008605e-03
memtype: cuda
prec: mixprec
