maxIter:7
level-Grob:9
level-Fine:6
Total time: 0.680194
DefTol: 1e-05
H0-Error: 3.591098e-06
H1-Error: 4.034426e-03
memtype: cuda
prec: mixprec
