maxIter:5
level-Grob:9
level-Fine:3
Time: 2.23274
DefTol: 1e-07
H0-Error: 1.716380e-06
H1-Error: 4.034414e-03
memtype: main
prec: mixprec
