maxIter:6
level-Grob:9
level-Fine:8
Total time: 110.106
DefTol: 1e-05
H0-Error: 1.662793e-05
H1-Error: 4.034979e-03
memtype: main
prec: mixprec
