maxIter:4
level-Grob:7
level-Fine:6
Time: 2.64134
DefTol: 1e-07
H0-Error: 2.749913e-05
H1-Error: 1.613732e-02
memtype: cuda
prec: mixprec
