maxIter:3
level-Grob:11
level-Fine:2
Total time: 0.78228
DefTol: 1e-08
H0-Error: 1.073022e-07
H1-Error: 1.008605e-03
memtype: cuda
prec: mixprec
