maxIter:8
level-Grob:8
level-Fine:7
Total time: 0.786052
DefTol: 1e-06
H0-Error: 7.226973e-06
H1-Error: 8.068795e-03
memtype: cuda
prec: mixprec
