maxIter:8
level-Grob:10
level-Fine:7
Total time: 111.07
DefTol: 1e-05
H0-Error: 4.189262e-06
H1-Error: 2.017283e-03
memtype: main
prec: mixprec
