maxIter:17
level-Grob:11
level-Fine:5
Total time: 35.753
DefTol: 1e-08
H0-Error: 1.073022e-07
H1-Error: 1.008605e-03
memtype: main
prec: mixprec
