maxIter:3
level-Grob:10
level-Fine:8
Total time: 1035.78
DefTol: 1e-05
H0-Error: 4.406388e-05
H1-Error: 2.026546e-03
memtype: main
prec: mixprec
