maxIter:3
level-Grob:8
level-Fine:7
Time: 123.364
DefTol: 1e-08
H0-Error: 6.877439e-06
H1-Error: 8.068795e-03
memtype: main
prec: mixprec
