maxIter:1
level-Grob:9
level-Fine:8
Time: 6071.23
DefTol: 1e-08
H0-Error: 1.843569e-06
H1-Error: 4.034414e-03
memtype: main
prec: mixprec
