maxIter:10
level-Grob:7
level-Fine:5
Total time: 0.077932
DefTol: 1e-06
H0-Error: 2.748244e-05
H1-Error: 1.613732e-02
memtype: main
prec: mixprec
