maxIter:10
level-Grob:6
level-Fine:5
Time: 0.049009
DefTol: 1e-05
H0-Error: 1.095883e-04
H1-Error: 3.227246e-02
memtype: main
prec: mixprec
