maxIter:4
level-Grob:6
level-Fine:1
Time: 0.009705
DefTol: 1e-05
H0-Error: 1.098306e-04
H1-Error: 3.227246e-02
memtype: main
prec: mixprec
