maxIter:8
level-Grob:10
level-Fine:7
Total time: 6.93742
DefTol: 1e-05
H0-Error: 4.053232e-06
H1-Error: 2.017278e-03
memtype: cuda
prec: mixprec
