maxIter:6
level-Grob:8
level-Fine:3
Time: 0.444305
DefTol: 1e-07
H0-Error: 6.865387e-06
H1-Error: 8.068795e-03
memtype: main
prec: mixprec
