maxIter:9
level-Grob:6
level-Fine:5
Total time: 0.040431
DefTol: 1e-07
H0-Error: 1.098366e-04
H1-Error: 3.227246e-02
memtype: cuda
prec: mixprec
