maxIter:5
level-Grob:6
level-Fine:5
Time: 0.102842
DefTol: 1e-05
H0-Error: 1.111091e-04
H1-Error: 3.227246e-02
memtype: main
prec: mixprec
