maxIter:3
level-Grob:5
level-Fine:1
Time: 0.003651
DefTol: 1e-08
H0-Error: 4.391240e-04
H1-Error: 6.452751e-02
memtype: main
prec: mixprec
