maxIter:3
level-Grob:8
level-Fine:6
Time: 32.7559
DefTol: 1e-08
H0-Error: 6.872236e-06
H1-Error: 8.068795e-03
memtype: main
prec: mixprec
