maxIter:10
level-Grob:8
level-Fine:7
Total time: 6.79076
DefTol: 1e-08
H0-Error: 6.868297e-06
H1-Error: 8.068795e-03
memtype: main
prec: mixprec
