maxIter:6
level-Grob:8
level-Fine:6
Total time: 3.18034
DefTol: 1e-08
H0-Error: 6.868513e-06
H1-Error: 8.068795e-03
memtype: main
prec: mixprec
