maxIter:2
level-Grob:8
level-Fine:5
Time: 11.9169
DefTol: 1e-07
H0-Error: 6.895059e-06
H1-Error: 8.068795e-03
memtype: main
prec: mixprec
