maxIter:4
level-Grob:10
level-Fine:5
Time: 24.4515
DefTol: 1e-05
H0-Error: 4.430274e-06
H1-Error: 2.017308e-03
memtype: cuda
prec: mixprec
