maxIter:6
level-Grob:9
level-Fine:7
Time: 53.3316
DefTol: 1e-05
H0-Error: 8.330020e-06
H1-Error: 4.034531e-03
memtype: cuda
prec: mixprec
