maxIter:2
level-Grob:8
level-Fine:5
Total time: 2.77601
DefTol: 1e-08
H0-Error: 6.868362e-06
H1-Error: 8.068795e-03
memtype: main
prec: mixprec
