maxIter:2
level-Grob:4
level-Fine:3
Total time: 0.000507
DefTol: 1e-05
H0-Error: 1.753087e-03
H1-Error: 1.289155e-01
memtype: main
prec: mixprec
