maxIter:10
level-Grob:9
level-Fine:8
Time: 152.994
DefTol: 1e-06
H0-Error: 2.362320e-06
H1-Error: 4.034416e-03
memtype: cuda
prec: mixprec
