maxIter:6
level-Grob:9
level-Fine:8
Time: 754.64
DefTol: 1e-06
H0-Error: 3.105415e-06
H1-Error: 4.034420e-03
memtype: main
prec: mixprec
