maxIter:2
level-Grob:6
level-Fine:5
Time: 0.288899
DefTol: 1e-05
H0-Error: 1.130933e-04
H1-Error: 3.227246e-02
memtype: main
prec: mixprec
