maxIter:2
level-Grob:6
level-Fine:4
Time: 0.717236
DefTol: 1e-07
H0-Error: 1.098495e-04
H1-Error: 3.227246e-02
memtype: cuda
prec: mixprec
