maxIter:6
level-Grob:10
level-Fine:6
Total time: 3.15726
DefTol: 1e-06
H0-Error: 6.634989e-07
H1-Error: 2.017210e-03
memtype: cuda
prec: mixprec
