maxIter:5
level-Grob:10
level-Fine:5
Time: 73.6964
DefTol: 1e-05
H0-Error: 1.447439e-06
H1-Error: 2.017216e-03
memtype: main
prec: mixprec
