maxIter:2
level-Grob:7
level-Fine:4
Total time: 0.140164
DefTol: 1e-08
H0-Error: 2.746266e-05
H1-Error: 1.613732e-02
memtype: main
prec: mixprec
