maxIter:17
level-Grob:10
level-Fine:6
Total time: 1.37148
DefTol: 1e-07
H0-Error: 4.299028e-07
H1-Error: 2.017209e-03
memtype: cuda
prec: mixprec
