maxIter:2
level-Grob:8
level-Fine:3
Total time: 0.18849
DefTol: 1e-07
H0-Error: 6.869302e-06
H1-Error: 8.068795e-03
memtype: main
prec: mixprec
