maxIter:8
level-Grob:9
level-Fine:5
Time: 4.38642
DefTol: 1e-05
H0-Error: 1.940788e-06
H1-Error: 4.034415e-03
memtype: cuda
prec: mixprec
