maxIter:8
level-Grob:9
level-Fine:6
Time: 43.9263
DefTol: 1e-06
H0-Error: 1.856741e-06
H1-Error: 4.034414e-03
memtype: main
prec: mixprec
