maxIter:3
level-Grob:7
level-Fine:6
Total time: 0.425863
DefTol: 1e-07
H0-Error: 2.751017e-05
H1-Error: 1.613732e-02
memtype: cuda
prec: mixprec
