maxIter:9
level-Grob:8
level-Fine:5
Total time: 0.108931
DefTol: 1e-06
H0-Error: 6.891484e-06
H1-Error: 8.068795e-03
memtype: cuda
prec: mixprec
