maxIter:5
level-Grob:5
level-Fine:2
Total time: 0.012804
DefTol: 1e-05
H0-Error: 4.391240e-04
H1-Error: 6.452751e-02
memtype: cuda
prec: mixprec
