maxIter:1
level-Grob:6
level-Fine:3
Time: 0.097863
DefTol: 1e-08
H0-Error: 1.098311e-04
H1-Error: 3.227246e-02
memtype: main
prec: mixprec
