maxIter:7
level-Grob:4
level-Fine:2
Time: 0.083941
DefTol: 1e-06
H0-Error: 1.753315e-03
H1-Error: 1.289155e-01
memtype: cuda
prec: mixprec
