maxIter:10
level-Grob:10
level-Fine:5
Total time: 0.555969
DefTol: 1e-05
H0-Error: 5.273313e-07
H1-Error: 2.017209e-03
memtype: cuda
prec: mixprec
