maxIter:1
level-Grob:7
level-Fine:5
Time: 4.02916
DefTol: 1e-07
H0-Error: 2.755798e-05
H1-Error: 1.613732e-02
memtype: cuda
prec: mixprec
