maxIter:8
level-Grob:8
level-Fine:5
Time: 1.83408
DefTol: 1e-08
H0-Error: 6.865496e-06
H1-Error: 8.068795e-03
memtype: cuda
prec: mixprec
