maxIter:6
level-Grob:10
level-Fine:4
Time: 9.26967
DefTol: 1e-07
H0-Error: 4.295043e-07
H1-Error: 2.017209e-03
memtype: cuda
prec: mixprec
