maxIter:8
level-Grob:8
level-Fine:7
Total time: 0.653963
DefTol: 1e-05
H0-Error: 1.068344e-05
H1-Error: 8.068818e-03
memtype: cuda
prec: mixprec
