maxIter:13
level-Grob:10
level-Fine:4
Total time: 0.388149
DefTol: 1e-05
H0-Error: 4.293208e-07
H1-Error: 2.017209e-03
memtype: cuda
prec: mixprec
