maxIter:8
level-Grob:10
level-Fine:7
Total time: 8.36607
DefTol: 1e-06
H0-Error: 7.869990e-07
H1-Error: 2.017210e-03
memtype: cuda
prec: mixprec
