maxIter:5
level-Grob:9
level-Fine:6
Time: 73.8655
DefTol: 1e-06
H0-Error: 1.899167e-06
H1-Error: 4.034414e-03
memtype: main
prec: mixprec
