maxIter:1
level-Grob:7
level-Fine:2
Total time: 0.019033
DefTol: 1e-05
H0-Error: 2.767020e-05
H1-Error: 1.613732e-02
memtype: main
prec: mixprec
