maxIter:6
level-Grob:9
level-Fine:5
Time: 16.4908
DefTol: 1e-06
H0-Error: 1.810417e-06
H1-Error: 4.034414e-03
memtype: main
prec: mixprec
