maxIter:7
level-Grob:10
level-Fine:3
Total time: 0.320218
DefTol: 1e-05
H0-Error: 4.291808e-07
H1-Error: 2.017209e-03
memtype: cuda
prec: mixprec
