maxIter:1
level-Grob:9
level-Fine:8
Total time: 851.133
DefTol: 1e-08
H0-Error: 1.848655e-06
H1-Error: 4.034414e-03
memtype: main
prec: mixprec
