maxIter:8
level-Grob:7
level-Fine:5
Time: 0.436801
DefTol: 1e-08
H0-Error: 2.746093e-05
H1-Error: 1.613732e-02
memtype: main
prec: mixprec
