maxIter:12
level-Grob:6
level-Fine:1
Total time: 0.004669
DefTol: 1e-07
H0-Error: 1.098307e-04
H1-Error: 3.227246e-02
memtype: main
prec: mixprec
