maxIter:10
level-Grob:11
level-Fine:3
Total time: 1.29627
DefTol: 1e-08
H0-Error: 1.073000e-07
H1-Error: 1.008605e-03
memtype: cuda
prec: mixprec
