maxIter:1
level-Grob:9
level-Fine:8
Time: 2984.09
DefTol: 1e-08
H0-Error: 1.791326e-06
H1-Error: 4.034414e-03
memtype: cuda
prec: mixprec
