maxIter:1
level-Grob:4
level-Fine:2
Time: 0.101652
DefTol: 1e-07
H0-Error: 1.753309e-03
H1-Error: 1.289155e-01
memtype: cuda
prec: mixprec
