maxIter:19
level-Grob:11
level-Fine:4
Total time: 22.794
DefTol: 1e-05
H0-Error: 1.073260e-07
H1-Error: 1.008605e-03
memtype: main
prec: mixprec
