maxIter:7
level-Grob:10
level-Fine:5
Time: 56.803
DefTol: 1e-05
H0-Error: 8.382210e-07
H1-Error: 2.017211e-03
memtype: main
prec: mixprec
