maxIter:10
level-Grob:9
level-Fine:6
Total time: 0.52962
DefTol: 1e-05
H0-Error: 2.939526e-06
H1-Error: 4.034420e-03
memtype: cuda
prec: mixprec
