maxIter:14
level-Grob:10
level-Fine:6
Total time: 1.34673
DefTol: 1e-05
H0-Error: 7.582736e-07
H1-Error: 2.017210e-03
memtype: cuda
prec: mixprec
