maxIter:7
level-Grob:9
level-Fine:8
Time: 560.629
DefTol: 1e-05
H0-Error: 1.539688e-05
H1-Error: 4.034892e-03
memtype: main
prec: mixprec
