maxIter:11
level-Grob:11
level-Fine:3
Total time: 13.4749
DefTol: 1e-06
H0-Error: 1.073168e-07
H1-Error: 1.008605e-03
memtype: main
prec: mixprec
