maxIter:5
level-Grob:11
level-Fine:3
Total time: 9.29876
DefTol: 1e-07
H0-Error: 1.073156e-07
H1-Error: 1.008605e-03
memtype: main
prec: mixprec
