maxIter:7
level-Grob:7
level-Fine:6
Time: 1.39127
DefTol: 1e-05
H0-Error: 2.944534e-05
H1-Error: 1.613732e-02
memtype: main
prec: mixprec
