maxIter:4
level-Grob:3
level-Fine:1
Total time: 0.010791
DefTol: 1e-05
H0-Error: 6.962289e-03
H1-Error: 2.567055e-01
memtype: cuda
prec: mixprec
