maxIter:2
level-Grob:9
level-Fine:6
Total time: 2.95315
DefTol: 1e-06
H0-Error: 2.373066e-06
H1-Error: 4.034416e-03
memtype: cuda
prec: mixprec
