maxIter:17
level-Grob:11
level-Fine:3
Total time: 20.7079
DefTol: 1e-06
H0-Error: 1.073175e-07
H1-Error: 1.008605e-03
memtype: main
prec: mixprec
