maxIter:3
level-Grob:10
level-Fine:7
Total time: 22.4518
DefTol: 1e-06
H0-Error: 1.787890e-06
H1-Error: 2.017219e-03
memtype: cuda
prec: mixprec
