maxIter:10
level-Grob:4
level-Fine:3
Total time: 0.010251
DefTol: 1e-08
H0-Error: 1.753315e-03
H1-Error: 1.289155e-01
memtype: cuda
prec: mixprec
