maxIter:10
level-Grob:10
level-Fine:6
Time: 238.57
DefTol: 1e-08
H0-Error: 4.300267e-07
H1-Error: 2.017209e-03
memtype: main
prec: mixprec
