maxIter:5
level-Grob:10
level-Fine:6
Time: 278.755
DefTol: 1e-05
H0-Error: 3.020035e-06
H1-Error: 2.017246e-03
memtype: main
prec: mixprec
