maxIter:6
level-Grob:8
level-Fine:5
Time: 2.73384
DefTol: 1e-05
H0-Error: 7.455305e-06
H1-Error: 8.068796e-03
memtype: main
prec: mixprec
