maxIter:4
level-Grob:9
level-Fine:7
Time: 98.6399
DefTol: 1e-06
H0-Error: 2.814192e-06
H1-Error: 4.034418e-03
memtype: cuda
prec: mixprec
