maxIter:14
level-Grob:11
level-Fine:5
Total time: 34.483
DefTol: 1e-07
H0-Error: 1.073124e-07
H1-Error: 1.008605e-03
memtype: main
prec: mixprec
