maxIter:10
level-Grob:9
level-Fine:7
Time: 33.934
DefTol: 1e-05
H0-Error: 3.874975e-06
H1-Error: 4.034428e-03
memtype: cuda
prec: mixprec
