maxIter:8
level-Grob:9
level-Fine:7
Total time: 24.7681
DefTol: 1e-05
H0-Error: 4.890700e-06
H1-Error: 4.034443e-03
memtype: main
prec: mixprec
