maxIter:1
level-Grob:10
level-Fine:8
Total time: 304.448
DefTol: 1e-06
H0-Error: 9.890557e-06
H1-Error: 2.017653e-03
memtype: cuda
prec: mixprec
