maxIter:1
level-Grob:7
level-Fine:6
Time: 19.6291
DefTol: 1e-07
H0-Error: 2.767659e-05
H1-Error: 1.613732e-02
memtype: main
prec: mixprec
