maxIter:6
level-Grob:9
level-Fine:8
Time: 608.074
DefTol: 1e-05
H0-Error: 1.660166e-05
H1-Error: 4.034977e-03
memtype: main
prec: mixprec
