maxIter:10
level-Grob:10
level-Fine:8
Total time: 339.058
DefTol: 1e-05
H0-Error: 5.851645e-06
H1-Error: 2.017359e-03
memtype: main
prec: mixprec
