maxIter:4
level-Grob:9
level-Fine:8
Total time: 165.153
DefTol: 1e-05
H0-Error: 3.045753e-05
H1-Error: 4.036476e-03
memtype: main
prec: mixprec
