maxIter:3
level-Grob:7
level-Fine:5
Total time: 0.153417
DefTol: 1e-07
H0-Error: 2.749814e-05
H1-Error: 1.613732e-02
memtype: cuda
prec: mixprec
