maxIter:1
level-Grob:4
level-Fine:3
Total time: 0.032767
DefTol: 1e-08
H0-Error: 1.753316e-03
H1-Error: 1.289155e-01
memtype: cuda
prec: mixprec
