maxIter:3
level-Grob:9
level-Fine:7
Total time: 6.31156
DefTol: 1e-06
H0-Error: 3.421584e-06
H1-Error: 4.034423e-03
memtype: cuda
prec: mixprec
