maxIter:14
level-Grob:9
level-Fine:5
Time: 5.79413
DefTol: 1e-05
H0-Error: 1.716643e-06
H1-Error: 4.034414e-03
memtype: main
prec: mixprec
