maxIter:5
level-Grob:7
level-Fine:4
Total time: 0.046119
DefTol: 1e-06
H0-Error: 2.747986e-05
H1-Error: 1.613732e-02
memtype: main
prec: mixprec
