maxIter:10
level-Grob:9
level-Fine:7
Total time: 20.1053
DefTol: 1e-05
H0-Error: 3.889405e-06
H1-Error: 4.034429e-03
memtype: main
prec: mixprec
