maxIter:11
level-Grob:9
level-Fine:5
Time: 3.90652
DefTol: 1e-06
H0-Error: 1.722013e-06
H1-Error: 4.034414e-03
memtype: cuda
prec: mixprec
