maxIter:3
level-Grob:10
level-Fine:6
Time: 469.507
DefTol: 1e-05
H0-Error: 5.401474e-06
H1-Error: 2.017336e-03
memtype: main
prec: mixprec
