maxIter:5
level-Grob:6
level-Fine:3
Total time: 0.022687
DefTol: 1e-05
H0-Error: 1.098307e-04
H1-Error: 3.227246e-02
memtype: cuda
prec: mixprec
