maxIter:1
level-Grob:9
level-Fine:4
Time: 33.9337
DefTol: 1e-06
H0-Error: 1.825456e-06
H1-Error: 4.034414e-03
memtype: main
prec: mixprec
