maxIter:2
level-Grob:8
level-Fine:6
Time: 11.9388
DefTol: 1e-05
H0-Error: 1.578141e-05
H1-Error: 8.068908e-03
memtype: cuda
prec: mixprec
