maxIter:18
level-Grob:10
level-Fine:2
Time: 13.3723
DefTol: 1e-05
H0-Error: 4.291188e-07
H1-Error: 2.017209e-03
memtype: main
prec: mixprec
