maxIter:15
level-Grob:10
level-Fine:6
Time: 87.0879
DefTol: 1e-06
H0-Error: 4.584861e-07
H1-Error: 2.017209e-03
memtype: main
prec: mixprec
