maxIter:1
level-Grob:8
level-Fine:1
Total time: 0.067043
DefTol: 1e-08
H0-Error: 6.865398e-06
H1-Error: 8.068795e-03
memtype: main
prec: mixprec
