maxIter:6
level-Grob:3
level-Fine:1
Total time: 0.005115
DefTol: 1e-06
H0-Error: 6.962302e-03
H1-Error: 2.567055e-01
memtype: cuda
prec: mixprec
