maxIter:6
level-Grob:10
level-Fine:5
Time: 90.7608
DefTol: 1e-07
H0-Error: 4.374984e-07
H1-Error: 2.017209e-03
memtype: main
prec: mixprec
