maxIter:10
level-Grob:9
level-Fine:7
Time: 138.005
DefTol: 1e-06
H0-Error: 1.937318e-06
H1-Error: 4.034414e-03
memtype: main
prec: mixprec
