maxIter:1
level-Grob:9
level-Fine:7
Total time: 226.056
DefTol: 1e-05
H0-Error: 5.629424e-05
H1-Error: 4.041770e-03
memtype: main
prec: mixprec
