maxIter:8
level-Grob:9
level-Fine:8
Total time: 8.90837
DefTol: 1e-07
H0-Error: 1.802573e-06
H1-Error: 4.034414e-03
memtype: cuda
prec: mixprec
