maxIter:10
level-Grob:10
level-Fine:2
Time: 7.43456
DefTol: 1e-06
H0-Error: 4.291477e-07
H1-Error: 2.017209e-03
memtype: cuda
prec: mixprec
