maxIter:11
level-Grob:8
level-Fine:4
Time: 1.16782
DefTol: 1e-05
H0-Error: 6.864939e-06
H1-Error: 8.068795e-03
memtype: cuda
prec: mixprec
