maxIter:10
level-Grob:11
level-Fine:4
Total time: 1.42925
DefTol: 1e-08
H0-Error: 1.073045e-07
H1-Error: 1.008605e-03
memtype: cuda
prec: mixprec
