maxIter:16
level-Grob:9
level-Fine:5
Total time: 0.939989
DefTol: 1e-05
H0-Error: 1.725254e-06
H1-Error: 4.034414e-03
memtype: main
prec: mixprec
