maxIter:1
level-Grob:10
level-Fine:3
Time: 53.9432
DefTol: 1e-07
H0-Error: 4.296629e-07
H1-Error: 2.017209e-03
memtype: main
prec: mixprec
