maxIter:10
level-Grob:11
level-Fine:4
Total time: 1.28017
DefTol: 1e-07
H0-Error: 1.073288e-07
H1-Error: 1.008605e-03
memtype: cuda
prec: mixprec
