maxIter:10
level-Grob:6
level-Fine:3
Time: 0.352553
DefTol: 1e-07
H0-Error: 1.098307e-04
H1-Error: 3.227246e-02
memtype: cuda
prec: mixprec
