maxIter:7
level-Grob:5
level-Fine:4
Time: 0.154009
DefTol: 1e-05
H0-Error: 4.390870e-04
H1-Error: 6.452751e-02
memtype: cuda
prec: mixprec
