maxIter:3
level-Grob:7
level-Fine:6
Total time: 1.10447
DefTol: 1e-07
H0-Error: 2.751016e-05
H1-Error: 1.613732e-02
memtype: main
prec: mixprec
