maxIter:2
level-Grob:10
level-Fine:4
Time: 66.1048
DefTol: 1e-06
H0-Error: 4.761426e-07
H1-Error: 2.017209e-03
memtype: main
prec: mixprec
