maxIter:5
level-Grob:9
level-Fine:4
Time: 6.62069
DefTol: 1e-08
H0-Error: 1.716501e-06
H1-Error: 4.034414e-03
memtype: main
prec: mixprec
