maxIter:1
level-Grob:10
level-Fine:9
Total time: 11107.2
DefTol: 1e-06
H0-Error: 2.774862e-05
H1-Error: 2.020877e-03
memtype: main
prec: mixprec
