maxIter:10
level-Grob:10
level-Fine:6
Time: 142.588
DefTol: 1e-05
H0-Error: 1.726385e-06
H1-Error: 2.017220e-03
memtype: main
prec: mixprec
