maxIter:19
level-Grob:10
level-Fine:6
Total time: 18.2651
DefTol: 1e-07
H0-Error: 4.329133e-07
H1-Error: 2.017209e-03
memtype: main
prec: mixprec
