maxIter:4
level-Grob:10
level-Fine:3
Time: 8.50424
DefTol: 1e-05
H0-Error: 4.348201e-07
H1-Error: 2.017209e-03
memtype: main
prec: mixprec
