maxIter:9
level-Grob:11
level-Fine:4
Total time: 1.3434
DefTol: 1e-06
H0-Error: 1.074227e-07
H1-Error: 1.008605e-03
memtype: cuda
prec: mixprec
