maxIter:5
level-Grob:5
level-Fine:4
Total time: 0.019358
DefTol: 1e-06
H0-Error: 4.391083e-04
H1-Error: 6.452751e-02
memtype: cuda
prec: mixprec
