maxIter:19
level-Grob:9
level-Fine:5
Total time: 1.11101
DefTol: 1e-06
H0-Error: 1.716853e-06
H1-Error: 4.034414e-03
memtype: main
prec: mixprec
