maxIter:9
level-Grob:10
level-Fine:6
Time: 48.1771
DefTol: 1e-06
H0-Error: 5.559771e-07
H1-Error: 2.017209e-03
memtype: cuda
prec: mixprec
