maxIter:17
level-Grob:10
level-Fine:6
Time: 34.8306
DefTol: 1e-08
H0-Error: 4.292055e-07
H1-Error: 2.017209e-03
memtype: cuda
prec: mixprec
