maxIter:7
level-Grob:10
level-Fine:4
Total time: 3.81539
DefTol: 1e-08
H0-Error: 4.291024e-07
H1-Error: 2.017209e-03
memtype: main
prec: mixprec
