maxIter:3
level-Grob:9
level-Fine:7
Total time: 94.4772
DefTol: 1e-07
H0-Error: 1.876061e-06
H1-Error: 4.034414e-03
memtype: main
prec: mixprec
