maxIter:1
level-Grob:11
level-Fine:2
Total time: 1.18171
DefTol: 1e-08
H0-Error: 1.073445e-07
H1-Error: 1.008605e-03
memtype: cuda
prec: mixprec
