maxIter:2
level-Grob:7
level-Fine:5
Time: 2.26577
DefTol: 1e-07
H0-Error: 2.749736e-05
H1-Error: 1.613732e-02
memtype: main
prec: mixprec
