maxIter:7
level-Grob:9
level-Fine:8
Time: 252.342
DefTol: 1e-07
H0-Error: 1.836605e-06
H1-Error: 4.034414e-03
memtype: cuda
prec: mixprec
