maxIter:7
level-Grob:9
level-Fine:7
Time: 45.1062
DefTol: 1e-05
H0-Error: 7.645451e-06
H1-Error: 4.034509e-03
memtype: cuda
prec: mixprec
