maxIter:1
level-Grob:8
level-Fine:6
Total time: 14.3121
DefTol: 1e-05
H0-Error: 3.332881e-05
H1-Error: 8.069712e-03
memtype: main
prec: mixprec
