maxIter:2
level-Grob:11
level-Fine:1
Total time: 4.19501
DefTol: 1e-07
H0-Error: 1.073011e-07
H1-Error: 1.008605e-03
memtype: main
prec: mixprec
