maxIter:1
level-Grob:10
level-Fine:7
Total time: 844.443
DefTol: 1e-06
H0-Error: 8.727913e-06
H1-Error: 2.017552e-03
memtype: main
prec: mixprec
