maxIter:11
level-Grob:10
level-Fine:6
Time: 162.758
DefTol: 1e-06
H0-Error: 4.926106e-07
H1-Error: 2.017209e-03
memtype: main
prec: mixprec
