maxIter:10
level-Grob:9
level-Fine:8
Total time: 8.2321
DefTol: 1e-08
H0-Error: 1.722414e-06
H1-Error: 4.034414e-03
memtype: cuda
prec: mixprec
