maxIter:5
level-Grob:8
level-Fine:1
Total time: 0.069525
DefTol: 1e-06
H0-Error: 6.865388e-06
H1-Error: 8.068795e-03
memtype: cuda
prec: mixprec
