maxIter:3
level-Grob:6
level-Fine:5
Time: 1.10226
DefTol: 1e-08
H0-Error: 1.098331e-04
H1-Error: 3.227246e-02
memtype: cuda
prec: mixprec
