maxIter:1
level-Grob:9
level-Fine:7
Time: 399.854
DefTol: 1e-05
H0-Error: 5.605746e-05
H1-Error: 4.041706e-03
memtype: cuda
prec: mixprec
