maxIter:3
level-Grob:9
level-Fine:8
Total time: 286.299
DefTol: 1e-06
H0-Error: 4.635175e-06
H1-Error: 4.034438e-03
memtype: main
prec: mixprec
