maxIter:15
level-Grob:10
level-Fine:6
Time: 124.356
DefTol: 1e-08
H0-Error: 4.292664e-07
H1-Error: 2.017209e-03
memtype: main
prec: mixprec
