maxIter:7
level-Grob:6
level-Fine:5
Time: 0.10393
DefTol: 1e-07
H0-Error: 1.098427e-04
H1-Error: 3.227246e-02
memtype: main
prec: mixprec
