maxIter:4
level-Grob:9
level-Fine:3
Total time: 0.149423
DefTol: 1e-07
H0-Error: 1.716499e-06
H1-Error: 4.034414e-03
memtype: cuda
prec: mixprec
