maxIter:2
level-Grob:9
level-Fine:6
Time: 83.0741
DefTol: 1e-08
H0-Error: 1.722679e-06
H1-Error: 4.034414e-03
memtype: cuda
prec: mixprec
