maxIter:15
level-Grob:8
level-Fine:2
Time: 0.522954
DefTol: 1e-06
H0-Error: 6.865388e-06
H1-Error: 8.068795e-03
memtype: main
prec: mixprec
