maxIter:8
level-Grob:10
level-Fine:5
Time: 62.0755
DefTol: 1e-07
H0-Error: 4.308784e-07
H1-Error: 2.017209e-03
memtype: main
prec: mixprec
