maxIter:13
level-Grob:11
level-Fine:5
Total time: 35.2233
DefTol: 1e-08
H0-Error: 1.073344e-07
H1-Error: 1.008605e-03
memtype: main
prec: mixprec
