maxIter:13
level-Grob:9
level-Fine:3
Total time: 0.166272
DefTol: 1e-06
H0-Error: 1.716362e-06
H1-Error: 4.034414e-03
memtype: cuda
prec: mixprec
