maxIter:9
level-Grob:10
level-Fine:5
Time: 38.8457
DefTol: 1e-05
H0-Error: 6.149519e-07
H1-Error: 2.017210e-03
memtype: main
prec: mixprec
