maxIter:10
level-Grob:7
level-Fine:5
Time: 0.349001
DefTol: 1e-06
H0-Error: 2.748253e-05
H1-Error: 1.613732e-02
memtype: main
prec: mixprec
