maxIter:6
level-Grob:10
level-Fine:8
Total time: 31.644
DefTol: 1e-05
H0-Error: 1.728150e-05
H1-Error: 2.018616e-03
memtype: cuda
prec: mixprec
