maxIter:9
level-Grob:9
level-Fine:5
Total time: 0.303336
DefTol: 1e-08
H0-Error: 1.716571e-06
H1-Error: 4.034414e-03
memtype: cuda
prec: mixprec
