maxIter:9
level-Grob:9
level-Fine:5
Total time: 1.75867
DefTol: 1e-06
H0-Error: 1.730540e-06
H1-Error: 4.034414e-03
memtype: main
prec: mixprec
