maxIter:6
level-Grob:8
level-Fine:7
Time: 16.015
DefTol: 1e-06
H0-Error: 7.399056e-06
H1-Error: 8.068795e-03
memtype: cuda
prec: mixprec
