maxIter:5
level-Grob:10
level-Fine:5
Total time: 15.3092
DefTol: 1e-06
H0-Error: 5.200761e-07
H1-Error: 2.017209e-03
memtype: main
prec: mixprec
