maxIter:10
level-Grob:9
level-Fine:8
Total time: 67.9509
DefTol: 1e-05
H0-Error: 8.734464e-06
H1-Error: 4.034544e-03
memtype: main
prec: mixprec
