maxIter:15
level-Grob:10
level-Fine:6
Time: 22.8008
DefTol: 1e-05
H0-Error: 6.249253e-07
H1-Error: 2.017210e-03
memtype: cuda
prec: mixprec
