maxIter:5
level-Grob:8
level-Fine:7
Total time: 8.32457
DefTol: 1e-05
H0-Error: 1.325319e-05
H1-Error: 8.068855e-03
memtype: main
prec: mixprec
