maxIter:4
level-Grob:7
level-Fine:5
Time: 1.05627
DefTol: 1e-07
H0-Error: 2.747960e-05
H1-Error: 1.613732e-02
memtype: cuda
prec: mixprec
