maxIter:6
level-Grob:7
level-Fine:6
Total time: 0.144127
DefTol: 1e-05
H0-Error: 3.024418e-05
H1-Error: 1.613732e-02
memtype: cuda
prec: mixprec
