maxIter:1
level-Grob:9
level-Fine:5
Time: 48.1842
DefTol: 1e-08
H0-Error: 1.721522e-06
H1-Error: 4.034414e-03
memtype: cuda
prec: mixprec
