maxIter:1
level-Grob:9
level-Fine:4
Time: 28.6184
DefTol: 1e-05
H0-Error: 2.854478e-06
H1-Error: 4.034418e-03
memtype: main
prec: mixprec
