maxIter:2
level-Grob:10
level-Fine:5
Time: 90.1955
DefTol: 1e-08
H0-Error: 4.301554e-07
H1-Error: 2.017209e-03
memtype: cuda
prec: mixprec
