maxIter:11
level-Grob:10
level-Fine:5
Time: 45.4319
DefTol: 1e-08
H0-Error: 4.291561e-07
H1-Error: 2.017209e-03
memtype: main
prec: mixprec
