maxIter:3
level-Grob:10
level-Fine:2
Total time: 1.33747
DefTol: 1e-08
H0-Error: 4.290977e-07
H1-Error: 2.017209e-03
memtype: main
prec: mixprec
