maxIter:11
level-Grob:9
level-Fine:1
Time: 2.20949
DefTol: 1e-06
H0-Error: 1.716359e-06
H1-Error: 4.034414e-03
memtype: main
prec: mixprec
