maxIter:19
level-Grob:10
level-Fine:5
Time: 13.3767
DefTol: 1e-07
H0-Error: 4.291285e-07
H1-Error: 2.017209e-03
memtype: cuda
prec: mixprec
