maxIter:1
level-Grob:9
level-Fine:8
Time: 4404.83
DefTol: 1e-05
H0-Error: 1.360547e-04
H1-Error: 4.078516e-03
memtype: main
prec: mixprec
