maxIter:17
level-Grob:10
level-Fine:2
Time: 7.64769
DefTol: 1e-06
H0-Error: 4.291473e-07
H1-Error: 2.017209e-03
memtype: cuda
prec: mixprec
