maxIter:1
level-Grob:11
level-Fine:3
Total time: 41.5019
DefTol: 1e-07
H0-Error: 1.077041e-07
H1-Error: 1.008605e-03
memtype: main
prec: mixprec
