maxIter:2
level-Grob:10
level-Fine:4
Time: 23.1748
DefTol: 1e-07
H0-Error: 4.350127e-07
H1-Error: 2.017209e-03
memtype: cuda
prec: mixprec
