maxIter:6
level-Grob:10
level-Fine:4
Total time: 4.52825
DefTol: 1e-07
H0-Error: 4.292999e-07
H1-Error: 2.017209e-03
memtype: main
prec: mixprec
