maxIter:9
level-Grob:8
level-Fine:4
Time: 0.898445
DefTol: 1e-07
H0-Error: 6.865363e-06
H1-Error: 8.068795e-03
memtype: main
prec: mixprec
