maxIter:1
level-Grob:8
level-Fine:1
Time: 0.222132
DefTol: 1e-05
H0-Error: 6.873589e-06
H1-Error: 8.068795e-03
memtype: main
prec: mixprec
