maxIter:1
level-Grob:10
level-Fine:9
Total time: 15418.5
DefTol: 1e-08
H0-Error: 6.703638e-07
H1-Error: 2.017210e-03
memtype: main
prec: mixprec
