maxIter:7
level-Grob:10
level-Fine:8
Total time: 658.231
DefTol: 1e-07
H0-Error: 5.664612e-07
H1-Error: 2.017209e-03
memtype: main
prec: mixprec
