maxIter:7
level-Grob:10
level-Fine:8
Total time: 33.5826
DefTol: 1e-06
H0-Error: 1.752417e-06
H1-Error: 2.017219e-03
memtype: cuda
prec: mixprec
