maxIter:2
level-Grob:5
level-Fine:2
Time: 0.188796
DefTol: 1e-06
H0-Error: 4.391175e-04
H1-Error: 6.452751e-02
memtype: cuda
prec: mixprec
