maxIter:4
level-Grob:9
level-Fine:7
Time: 117.302
DefTol: 1e-07
H0-Error: 1.821757e-06
H1-Error: 4.034414e-03
memtype: cuda
prec: mixprec
