maxIter:2
level-Grob:10
level-Fine:8
Total time: 2297.41
DefTol: 1e-07
H0-Error: 1.266906e-06
H1-Error: 2.017213e-03
memtype: main
prec: mixprec
