maxIter:14
level-Grob:7
level-Fine:3
Time: 0.136292
DefTol: 1e-06
H0-Error: 2.746078e-05
H1-Error: 1.613732e-02
memtype: main
prec: mixprec
