maxIter:1
level-Grob:8
level-Fine:6
Total time: 21.1026
DefTol: 1e-07
H0-Error: 7.093781e-06
H1-Error: 8.068795e-03
memtype: main
prec: mixprec
