maxIter:13
level-Grob:7
level-Fine:1
Total time: 0.019391
DefTol: 1e-06
H0-Error: 2.746078e-05
H1-Error: 1.613732e-02
memtype: main
prec: mixprec
