maxIter:7
level-Grob:9
level-Fine:5
Time: 5.23943
DefTol: 1e-05
H0-Error: 2.041912e-06
H1-Error: 4.034415e-03
memtype: cuda
prec: mixprec
