maxIter:9
level-Grob:8
level-Fine:6
Total time: 0.291879
DefTol: 1e-07
H0-Error: 6.876474e-06
H1-Error: 8.068795e-03
memtype: cuda
prec: mixprec
