maxIter:2
level-Grob:9
level-Fine:6
Total time: 27.4067
DefTol: 1e-05
H0-Error: 8.877748e-06
H1-Error: 4.034549e-03
memtype: main
prec: mixprec
