maxIter:4
level-Grob:8
level-Fine:4
Time: 1.42824
DefTol: 1e-06
H0-Error: 6.933045e-06
H1-Error: 8.068795e-03
memtype: cuda
prec: mixprec
