maxIter:1
level-Grob:10
level-Fine:1
Time: 5.37297
DefTol: 1e-06
H0-Error: 4.304912e-07
H1-Error: 2.017209e-03
memtype: main
prec: mixprec
