maxIter:4
level-Grob:8
level-Fine:5
Time: 3.59105
DefTol: 1e-05
H0-Error: 9.410334e-06
H1-Error: 8.068807e-03
memtype: main
prec: mixprec
