maxIter:2
level-Grob:10
level-Fine:4
Time: 20.8486
DefTol: 1e-06
H0-Error: 4.759854e-07
H1-Error: 2.017209e-03
memtype: cuda
prec: mixprec
