maxIter:5
level-Grob:10
level-Fine:7
Total time: 264.594
DefTol: 1e-07
H0-Error: 4.677287e-07
H1-Error: 2.017209e-03
memtype: main
prec: mixprec
