maxIter:17
level-Grob:10
level-Fine:5
Time: 26.2033
DefTol: 1e-05
H0-Error: 4.296510e-07
H1-Error: 2.017209e-03
memtype: main
prec: mixprec
