maxIter:5
level-Grob:10
level-Fine:6
Time: 90.3739
DefTol: 1e-06
H0-Error: 6.457324e-07
H1-Error: 2.017210e-03
memtype: cuda
prec: mixprec
