maxIter:2
level-Grob:8
level-Fine:3
Total time: 0.17261
DefTol: 1e-06
H0-Error: 6.881006e-06
H1-Error: 8.068795e-03
memtype: main
prec: mixprec
