maxIter:7
level-Grob:8
level-Fine:7
Time: 18.367
DefTol: 1e-08
H0-Error: 6.869969e-06
H1-Error: 8.068795e-03
memtype: cuda
prec: mixprec
