maxIter:4
level-Grob:9
level-Fine:5
Time: 17.3137
DefTol: 1e-05
H0-Error: 5.236000e-06
H1-Error: 4.034456e-03
memtype: main
prec: mixprec
