maxIter:10
level-Grob:10
level-Fine:5
Time: 14.0893
DefTol: 1e-06
H0-Error: 4.341091e-07
H1-Error: 2.017209e-03
memtype: cuda
prec: mixprec
