maxIter:17
level-Grob:9
level-Fine:5
Time: 3.43853
DefTol: 1e-05
H0-Error: 1.727389e-06
H1-Error: 4.034414e-03
memtype: cuda
prec: mixprec
