maxIter:13
level-Grob:10
level-Fine:5
Time: 52.2863
DefTol: 1e-08
H0-Error: 4.291383e-07
H1-Error: 2.017209e-03
memtype: main
prec: mixprec
