maxIter:7
level-Grob:9
level-Fine:7
Time: 188.045
DefTol: 1e-06
H0-Error: 2.233344e-06
H1-Error: 4.034415e-03
memtype: main
prec: mixprec
