maxIter:5
level-Grob:10
level-Fine:1
Time: 6.19457
DefTol: 1e-06
H0-Error: 4.291864e-07
H1-Error: 2.017209e-03
memtype: main
prec: mixprec
