maxIter:4
level-Grob:6
level-Fine:5
Total time: 0.034041
DefTol: 1e-05
H0-Error: 1.115758e-04
H1-Error: 3.227246e-02
memtype: main
prec: mixprec
