maxIter:10
level-Grob:7
level-Fine:6
Time: 0.906774
DefTol: 1e-05
H0-Error: 2.884720e-05
H1-Error: 1.613732e-02
memtype: cuda
prec: mixprec
