maxIter:1
level-Grob:5
level-Fine:4
Total time: 0.115255
DefTol: 1e-08
H0-Error: 4.391271e-04
H1-Error: 6.452751e-02
memtype: cuda
prec: mixprec
