maxIter:6
level-Grob:10
level-Fine:6
Total time: 2.64661
DefTol: 1e-05
H0-Error: 2.899891e-06
H1-Error: 2.017242e-03
memtype: cuda
prec: mixprec
