maxIter:14
level-Grob:8
level-Fine:4
Total time: 0.146943
DefTol: 1e-05
H0-Error: 6.865378e-06
H1-Error: 8.068795e-03
memtype: main
prec: mixprec
