maxIter:3
level-Grob:11
level-Fine:2
Total time: 5.87841
DefTol: 1e-07
H0-Error: 1.073030e-07
H1-Error: 1.008605e-03
memtype: main
prec: mixprec
