maxIter:9
level-Grob:11
level-Fine:3
Total time: 7.93915
DefTol: 1e-05
H0-Error: 1.131272e-07
H1-Error: 1.008605e-03
memtype: main
prec: mixprec
