maxIter:2
level-Grob:8
level-Fine:4
Time: 2.15704
DefTol: 1e-07
H0-Error: 6.878111e-06
H1-Error: 8.068795e-03
memtype: cuda
prec: mixprec
