maxIter:6
level-Grob:10
level-Fine:1
Total time: 1.64576
DefTol: 1e-07
H0-Error: 4.290974e-07
H1-Error: 2.017209e-03
memtype: main
prec: mixprec
