maxIter:12
level-Grob:10
level-Fine:6
Total time: 26.2325
DefTol: 1e-06
H0-Error: 4.928947e-07
H1-Error: 2.017209e-03
memtype: main
prec: mixprec
