maxIter:3
level-Grob:10
level-Fine:3
Time: 11.5112
DefTol: 1e-07
H0-Error: 4.292558e-07
H1-Error: 2.017209e-03
memtype: main
prec: mixprec
