maxIter:17
level-Grob:9
level-Fine:5
Total time: 1.24858
DefTol: 1e-06
H0-Error: 1.716749e-06
H1-Error: 4.034414e-03
memtype: main
prec: mixprec
