maxIter:3
level-Grob:8
level-Fine:7
Total time: 2.97651
DefTol: 1e-08
H0-Error: 6.877440e-06
H1-Error: 8.068795e-03
memtype: cuda
prec: mixprec
