maxIter:6
level-Grob:6
level-Fine:5
Total time: 0.038206
DefTol: 1e-08
H0-Error: 1.098317e-04
H1-Error: 3.227246e-02
memtype: main
prec: mixprec
