maxIter:4
level-Grob:8
level-Fine:7
Total time: 1.55138
DefTol: 1e-06
H0-Error: 7.953239e-06
H1-Error: 8.068797e-03
memtype: cuda
prec: mixprec
