maxIter:6
level-Grob:9
level-Fine:7
Time: 223.107
DefTol: 1e-06
H0-Error: 2.329821e-06
H1-Error: 4.034416e-03
memtype: main
prec: mixprec
