maxIter:3
level-Grob:8
level-Fine:3
Time: 1.24846
DefTol: 1e-07
H0-Error: 6.866414e-06
H1-Error: 8.068795e-03
memtype: cuda
prec: mixprec
