maxIter:4
level-Grob:10
level-Fine:8
Total time: 83.832
DefTol: 1e-08
H0-Error: 4.529076e-07
H1-Error: 2.017209e-03
memtype: cuda
prec: mixprec
