maxIter:5
level-Grob:7
level-Fine:5
Time: 0.985037
DefTol: 1e-08
H0-Error: 2.746202e-05
H1-Error: 1.613732e-02
memtype: main
prec: mixprec
