maxIter:16
level-Grob:4
level-Fine:1
Time: 0.00225
DefTol: 1e-06
H0-Error: 1.753315e-03
H1-Error: 1.289155e-01
memtype: main
prec: mixprec
