maxIter:7
level-Grob:3
level-Fine:2
Total time: 0.000257
DefTol: 1e-07
H0-Error: 6.962289e-03
H1-Error: 2.567055e-01
memtype: main
prec: mixprec
