maxIter:9
level-Grob:9
level-Fine:8
Total time: 92.5422
DefTol: 1e-06
H0-Error: 2.458167e-06
H1-Error: 4.034416e-03
memtype: main
prec: mixprec
