maxIter:5
level-Grob:8
level-Fine:5
Time: 2.27325
DefTol: 1e-06
H0-Error: 6.945749e-06
H1-Error: 8.068795e-03
memtype: cuda
prec: mixprec
