maxIter:17
level-Grob:10
level-Fine:4
Time: 26.0989
DefTol: 1e-06
H0-Error: 4.290882e-07
H1-Error: 2.017209e-03
memtype: main
prec: mixprec
