maxIter:1
level-Grob:8
level-Fine:7
Total time: 6.30136
DefTol: 1e-05
H0-Error: 5.667600e-05
H1-Error: 8.071950e-03
memtype: cuda
prec: mixprec
