maxIter:1
level-Grob:10
level-Fine:6
Time: 1705.77
DefTol: 1e-05
H0-Error: 1.504154e-05
H1-Error: 2.018265e-03
memtype: main
prec: mixprec
