maxIter:11
level-Grob:10
level-Fine:5
Time: 25.5948
DefTol: 1e-05
H0-Error: 4.529553e-07
H1-Error: 2.017209e-03
memtype: main
prec: mixprec
