maxIter:12
level-Grob:10
level-Fine:1
Total time: 0.414311
DefTol: 1e-07
H0-Error: 4.290974e-07
H1-Error: 2.017209e-03
memtype: cuda
prec: mixprec
