maxIter:2
level-Grob:8
level-Fine:2
Total time: 0.051129
DefTol: 1e-05
H0-Error: 6.896297e-06
H1-Error: 8.068795e-03
memtype: main
prec: mixprec
