maxIter:1
level-Grob:9
level-Fine:6
Time: 538.896
DefTol: 1e-07
H0-Error: 1.878493e-06
H1-Error: 4.034414e-03
memtype: main
prec: mixprec
