maxIter:2
level-Grob:9
level-Fine:8
Time: 1036.16
DefTol: 1e-07
H0-Error: 2.103121e-06
H1-Error: 4.034415e-03
memtype: cuda
prec: mixprec
