maxIter:2
level-Grob:9
level-Fine:3
Time: 3.12646
DefTol: 1e-05
H0-Error: 1.890569e-06
H1-Error: 4.034414e-03
memtype: cuda
prec: mixprec
