maxIter:16
level-Grob:10
level-Fine:6
Time: 24.0052
DefTol: 1e-05
H0-Error: 6.394609e-07
H1-Error: 2.017210e-03
memtype: cuda
prec: mixprec
