maxIter:4
level-Grob:8
level-Fine:5
Time: 2.60301
DefTol: 1e-06
H0-Error: 7.068063e-06
H1-Error: 8.068795e-03
memtype: cuda
prec: mixprec
