maxIter:4
level-Grob:10
level-Fine:6
Total time: 3.80066
DefTol: 1e-05
H0-Error: 5.018262e-06
H1-Error: 2.017319e-03
memtype: cuda
prec: mixprec
