maxIter:1
level-Grob:8
level-Fine:7
Total time: 9.59036
DefTol: 1e-07
H0-Error: 7.297242e-06
H1-Error: 8.068795e-03
memtype: cuda
prec: mixprec
