maxIter:20
level-Grob:9
level-Fine:4
Time: 3.43985
DefTol: 1e-06
H0-Error: 1.716360e-06
H1-Error: 4.034414e-03
memtype: cuda
prec: mixprec
