maxIter:1
level-Grob:9
level-Fine:1
Total time: 0.139628
DefTol: 1e-07
H0-Error: 1.716421e-06
H1-Error: 4.034414e-03
memtype: cuda
prec: mixprec
