maxIter:8
level-Grob:11
level-Fine:4
Total time: 14.5249
DefTol: 1e-06
H0-Error: 1.082281e-07
H1-Error: 1.008605e-03
memtype: main
prec: mixprec
