maxIter:19
level-Grob:10
level-Fine:6
Total time: 1.12426
DefTol: 1e-08
H0-Error: 4.292646e-07
H1-Error: 2.017209e-03
memtype: cuda
prec: mixprec
