maxIter:4
level-Grob:5
level-Fine:2
Time: 0.003647
DefTol: 1e-07
H0-Error: 4.391240e-04
H1-Error: 6.452751e-02
memtype: main
prec: mixprec
