maxIter:1
level-Grob:8
level-Fine:5
Time: 33.1961
DefTol: 1e-08
H0-Error: 6.872082e-06
H1-Error: 8.068795e-03
memtype: main
prec: mixprec
