maxIter:4
level-Grob:10
level-Fine:1
Time: 5.00738
DefTol: 1e-05
H0-Error: 4.291780e-07
H1-Error: 2.017209e-03
memtype: main
prec: mixprec
