maxIter:2
level-Grob:9
level-Fine:4
Total time: 3.06437
DefTol: 1e-08
H0-Error: 1.717429e-06
H1-Error: 4.034414e-03
memtype: main
prec: mixprec
