maxIter:9
level-Grob:10
level-Fine:5
Time: 53.6691
DefTol: 1e-07
H0-Error: 4.323598e-07
H1-Error: 2.017209e-03
memtype: main
prec: mixprec
