maxIter:10
level-Grob:10
level-Fine:4
Total time: 0.482741
DefTol: 1e-08
H0-Error: 4.290985e-07
H1-Error: 2.017209e-03
memtype: cuda
prec: mixprec
