maxIter:6
level-Grob:8
level-Fine:7
Total time: 6.85859
DefTol: 1e-05
H0-Error: 1.249710e-05
H1-Error: 8.068842e-03
memtype: main
prec: mixprec
