maxIter:5
level-Grob:8
level-Fine:7
Time: 61.532
DefTol: 1e-07
H0-Error: 6.923316e-06
H1-Error: 8.068795e-03
memtype: main
prec: mixprec
