maxIter:3
level-Grob:7
level-Fine:3
Total time: 0.044496
DefTol: 1e-06
H0-Error: 2.745359e-05
H1-Error: 1.613732e-02
memtype: cuda
prec: mixprec
