maxIter:20
level-Grob:10
level-Fine:6
Time: 17.5158
DefTol: 1e-05
H0-Error: 5.052904e-07
H1-Error: 2.017209e-03
memtype: cuda
prec: mixprec
