maxIter:13
level-Grob:10
level-Fine:3
Time: 8.22332
DefTol: 1e-06
H0-Error: 4.291349e-07
H1-Error: 2.017209e-03
memtype: cuda
prec: mixprec
