maxIter:14
level-Grob:11
level-Fine:5
Total time: 25.3825
DefTol: 1e-05
H0-Error: 1.084016e-07
H1-Error: 1.008605e-03
memtype: main
prec: mixprec
