maxIter:14
level-Grob:11
level-Fine:6
Total time: 117.399
DefTol: 1e-08
H0-Error: 1.076201e-07
H1-Error: 1.008605e-03
memtype: main
prec: mixprec
