maxIter:1
level-Grob:10
level-Fine:7
Time: 2009.87
DefTol: 1e-06
H0-Error: 4.164578e-06
H1-Error: 2.017280e-03
memtype: cuda
prec: mixprec
