maxIter:2
level-Grob:8
level-Fine:4
Total time: 0.608684
DefTol: 1e-07
H0-Error: 6.878069e-06
H1-Error: 8.068795e-03
memtype: main
prec: mixprec
