maxIter:10
level-Grob:8
level-Fine:6
Time: 4.1296
DefTol: 1e-08
H0-Error: 6.866510e-06
H1-Error: 8.068795e-03
memtype: cuda
prec: mixprec
