maxIter:1
level-Grob:9
level-Fine:1
Time: 1.11462
DefTol: 1e-05
H0-Error: 1.723663e-06
H1-Error: 4.034414e-03
memtype: main
prec: mixprec
