maxIter:4
level-Grob:11
level-Fine:3
Total time: 7.64794
DefTol: 1e-06
H0-Error: 1.074836e-07
H1-Error: 1.008605e-03
memtype: main
prec: mixprec
