maxIter:5
level-Grob:7
level-Fine:6
Time: 2.06491
DefTol: 1e-05
H0-Error: 3.010101e-05
H1-Error: 1.613732e-02
memtype: main
prec: mixprec
