maxIter:8
level-Grob:9
level-Fine:7
Time: 58.065
DefTol: 1e-07
H0-Error: 1.748909e-06
H1-Error: 4.034414e-03
memtype: cuda
prec: mixprec
