maxIter:3
level-Grob:6
level-Fine:5
Time: 0.1909
DefTol: 1e-05
H0-Error: 1.121161e-04
H1-Error: 3.227246e-02
memtype: main
prec: mixprec
