maxIter:1
level-Grob:6
level-Fine:2
Total time: 0.004475
DefTol: 1e-05
H0-Error: 1.100541e-04
H1-Error: 3.227246e-02
memtype: main
prec: mixprec
