maxIter:4
level-Grob:10
level-Fine:4
Total time: 4.55806
DefTol: 1e-05
H0-Error: 6.337566e-07
H1-Error: 2.017210e-03
memtype: main
prec: mixprec
