maxIter:8
level-Grob:9
level-Fine:4
Time: 2.80617
DefTol: 1e-05
H0-Error: 1.734516e-06
H1-Error: 4.034414e-03
memtype: cuda
prec: mixprec
