maxIter:4
level-Grob:9
level-Fine:4
Total time: 1.41324
DefTol: 1e-07
H0-Error: 1.719026e-06
H1-Error: 4.034414e-03
memtype: main
prec: mixprec
