maxIter:4
level-Grob:10
level-Fine:8
Total time: 71.8658
DefTol: 1e-07
H0-Error: 6.827784e-07
H1-Error: 2.017210e-03
memtype: cuda
prec: mixprec
