maxIter:11
level-Grob:5
level-Fine:1
Time: 0.176254
DefTol: 1e-07
H0-Error: 4.391240e-04
H1-Error: 6.452751e-02
memtype: cuda
prec: mixprec
