maxIter:10
level-Grob:8
level-Fine:6
Total time: 1.47537
DefTol: 1e-06
H0-Error: 6.984679e-06
H1-Error: 8.068795e-03
memtype: main
prec: mixprec
