maxIter:15
level-Grob:10
level-Fine:3
Total time: 2.97013
DefTol: 1e-06
H0-Error: 4.292216e-07
H1-Error: 2.017209e-03
memtype: main
prec: mixprec
