maxIter:15
level-Grob:10
level-Fine:1
Time: 7.08682
DefTol: 1e-06
H0-Error: 4.291843e-07
H1-Error: 2.017209e-03
memtype: cuda
prec: mixprec
