maxIter:2
level-Grob:9
level-Fine:6
Total time: 33.7668
DefTol: 1e-06
H0-Error: 2.382314e-06
H1-Error: 4.034416e-03
memtype: main
prec: mixprec
