maxIter:5
level-Grob:9
level-Fine:5
Total time: 4.62423
DefTol: 1e-08
H0-Error: 1.717190e-06
H1-Error: 4.034414e-03
memtype: main
prec: mixprec
