maxIter:9
level-Grob:9
level-Fine:7
Time: 37.7122
DefTol: 1e-05
H0-Error: 4.099930e-06
H1-Error: 4.034431e-03
memtype: cuda
prec: mixprec
