maxIter:8
level-Grob:8
level-Fine:7
Time: 12.1672
DefTol: 1e-06
H0-Error: 7.227148e-06
H1-Error: 8.068795e-03
memtype: cuda
prec: mixprec
