maxIter:5
level-Grob:9
level-Fine:6
Time: 27.9703
DefTol: 1e-07
H0-Error: 1.735794e-06
H1-Error: 4.034414e-03
memtype: cuda
prec: mixprec
