maxIter:3
level-Grob:10
level-Fine:4
Time: 13.205
DefTol: 1e-05
H0-Error: 8.624683e-07
H1-Error: 2.017211e-03
memtype: cuda
prec: mixprec
