maxIter:5
level-Grob:8
level-Fine:5
Total time: 0.665323
DefTol: 1e-05
H0-Error: 7.780931e-06
H1-Error: 8.068796e-03
memtype: main
prec: mixprec
