maxIter:3
level-Grob:8
level-Fine:2
Total time: 0.071583
DefTol: 1e-05
H0-Error: 6.861249e-06
H1-Error: 8.068795e-03
memtype: cuda
prec: mixprec
