maxIter:9
level-Grob:10
level-Fine:8
Total time: 22.5288
DefTol: 1e-05
H0-Error: 6.577017e-06
H1-Error: 2.017400e-03
memtype: cuda
prec: mixprec
