maxIter:1
level-Grob:7
level-Fine:2
Time: 0.656132
DefTol: 1e-06
H0-Error: 2.747525e-05
H1-Error: 1.613732e-02
memtype: cuda
prec: mixprec
