maxIter:1
level-Grob:10
level-Fine:5
Time: 467.061
DefTol: 1e-05
H0-Error: 4.643219e-06
H1-Error: 2.017299e-03
memtype: main
prec: mixprec
