maxIter:2
level-Grob:8
level-Fine:6
Total time: 6.30637
DefTol: 1e-05
H0-Error: 1.578430e-05
H1-Error: 8.068908e-03
memtype: main
prec: mixprec
