maxIter:5
level-Grob:9
level-Fine:5
Time: 26.7778
DefTol: 1e-08
H0-Error: 1.717187e-06
H1-Error: 4.034414e-03
memtype: main
prec: mixprec
