maxIter:2
level-Grob:10
level-Fine:3
Time: 16.017
DefTol: 1e-05
H0-Error: 5.938956e-07
H1-Error: 2.017210e-03
memtype: main
prec: mixprec
