maxIter:4
level-Grob:10
level-Fine:4
Time: 37.0647
DefTol: 1e-07
H0-Error: 4.315959e-07
H1-Error: 2.017209e-03
memtype: main
prec: mixprec
