maxIter:1
level-Grob:11
level-Fine:2
Total time: 9.60642
DefTol: 1e-06
H0-Error: 1.111177e-07
H1-Error: 1.008605e-03
memtype: main
prec: mixprec
