maxIter:4
level-Grob:9
level-Fine:7
Total time: 81.2123
DefTol: 1e-08
H0-Error: 1.726745e-06
H1-Error: 4.034414e-03
memtype: main
prec: mixprec
