maxIter:19
level-Grob:10
level-Fine:6
Total time: 15.0527
DefTol: 1e-06
H0-Error: 4.634553e-07
H1-Error: 2.017209e-03
memtype: main
prec: mixprec
