maxIter:2
level-Grob:9
level-Fine:4
Time: 11.0009
DefTol: 1e-05
H0-Error: 2.690417e-06
H1-Error: 4.034418e-03
memtype: main
prec: mixprec
