maxIter:2
level-Grob:10
level-Fine:4
Total time: 9.21135
DefTol: 1e-05
H0-Error: 1.050561e-06
H1-Error: 2.017212e-03
memtype: main
prec: mixprec
