maxIter:1
level-Grob:7
level-Fine:3
Time: 0.492105
DefTol: 1e-08
H0-Error: 2.746104e-05
H1-Error: 1.613732e-02
memtype: main
prec: mixprec
