maxIter:8
level-Grob:10
level-Fine:5
Total time: 6.98238
DefTol: 1e-05
H0-Error: 5.637914e-07
H1-Error: 2.017210e-03
memtype: main
prec: mixprec
