maxIter:11
level-Grob:10
level-Fine:2
Total time: 2.12575
DefTol: 1e-05
H0-Error: 4.291300e-07
H1-Error: 2.017209e-03
memtype: main
prec: mixprec
