maxIter:6
level-Grob:10
level-Fine:3
Total time: 1.65579
DefTol: 1e-06
H0-Error: 4.291203e-07
H1-Error: 2.017209e-03
memtype: main
prec: mixprec
