maxIter:3
level-Grob:9
level-Fine:7
Time: 358.006
DefTol: 1e-05
H0-Error: 1.996635e-05
H1-Error: 4.035256e-03
memtype: main
prec: mixprec
