maxIter:7
level-Grob:8
level-Fine:6
Total time: 0.431534
DefTol: 1e-08
H0-Error: 6.867618e-06
H1-Error: 8.068795e-03
memtype: cuda
prec: mixprec
