maxIter:17
level-Grob:10
level-Fine:6
Total time: 14.7795
DefTol: 1e-06
H0-Error: 4.350861e-07
H1-Error: 2.017209e-03
memtype: main
prec: mixprec
