maxIter:6
level-Grob:7
level-Fine:5
Total time: 0.078766
DefTol: 1e-06
H0-Error: 2.757876e-05
H1-Error: 1.613732e-02
memtype: cuda
prec: mixprec
