maxIter:1
level-Grob:8
level-Fine:7
Time: 333.246
DefTol: 1e-06
H0-Error: 1.131940e-05
H1-Error: 8.068824e-03
memtype: main
prec: mixprec
