maxIter:7
level-Grob:9
level-Fine:7
Total time: 2.61397
DefTol: 1e-06
H0-Error: 2.233162e-06
H1-Error: 4.034415e-03
memtype: cuda
prec: mixprec
