maxIter:3
level-Grob:10
level-Fine:2
Total time: 1.11025
DefTol: 1e-07
H0-Error: 4.290980e-07
H1-Error: 2.017209e-03
memtype: main
prec: mixprec
