maxIter:4
level-Grob:11
level-Fine:3
Total time: 0.966923
DefTol: 1e-07
H0-Error: 1.073225e-07
H1-Error: 1.008605e-03
memtype: cuda
prec: mixprec
