maxIter:3
level-Grob:4
level-Fine:3
Time: 0.003188
DefTol: 1e-07
H0-Error: 1.753313e-03
H1-Error: 1.289155e-01
memtype: main
prec: mixprec
