maxIter:10
level-Grob:11
level-Fine:3
Total time: 8.86145
DefTol: 1e-05
H0-Error: 1.134063e-07
H1-Error: 1.008605e-03
memtype: main
prec: mixprec
