maxIter:6
level-Grob:10
level-Fine:4
Time: 19.4401
DefTol: 1e-07
H0-Error: 4.298590e-07
H1-Error: 2.017209e-03
memtype: main
prec: mixprec
