maxIter:2
level-Grob:6
level-Fine:3
Time: 0.341464
DefTol: 1e-08
H0-Error: 1.098309e-04
H1-Error: 3.227246e-02
memtype: cuda
prec: mixprec
