maxIter:1
level-Grob:7
level-Fine:3
Time: 0.316111
DefTol: 1e-05
H0-Error: 2.776707e-05
H1-Error: 1.613732e-02
memtype: main
prec: mixprec
