maxIter:1
level-Grob:7
level-Fine:1
Time: 0.659224
DefTol: 1e-07
H0-Error: 2.746086e-05
H1-Error: 1.613732e-02
memtype: cuda
prec: mixprec
