maxIter:6
level-Grob:10
level-Fine:4
Time: 10.4779
DefTol: 1e-08
H0-Error: 4.291143e-07
H1-Error: 2.017209e-03
memtype: cuda
prec: mixprec
