maxIter:3
level-Grob:9
level-Fine:4
Time: 9.09004
DefTol: 1e-06
H0-Error: 1.757876e-06
H1-Error: 4.034414e-03
memtype: main
prec: mixprec
