maxIter:18
level-Grob:10
level-Fine:5
Total time: 5.85673
DefTol: 1e-06
H0-Error: 4.291324e-07
H1-Error: 2.017209e-03
memtype: main
prec: mixprec
