maxIter:18
level-Grob:10
level-Fine:3
Time: 10.8068
DefTol: 1e-07
H0-Error: 4.290881e-07
H1-Error: 2.017209e-03
memtype: cuda
prec: mixprec
