maxIter:7
level-Grob:8
level-Fine:6
Time: 3.99471
DefTol: 1e-06
H0-Error: 7.053990e-06
H1-Error: 8.068795e-03
memtype: cuda
prec: mixprec
