maxIter:9
level-Grob:3
level-Fine:2
Total time: 0.000151
DefTol: 1e-06
H0-Error: 6.962296e-03
H1-Error: 2.567055e-01
memtype: main
prec: mixprec
