maxIter:7
level-Grob:10
level-Fine:5
Total time: 1.20001
DefTol: 1e-08
H0-Error: 4.296478e-07
H1-Error: 2.017209e-03
memtype: cuda
prec: mixprec
