maxIter:9
level-Grob:9
level-Fine:7
Time: 45.1001
DefTol: 1e-06
H0-Error: 1.937165e-06
H1-Error: 4.034414e-03
memtype: cuda
prec: mixprec
