maxIter:10
level-Grob:10
level-Fine:6
Total time: 2.36501
DefTol: 1e-07
H0-Error: 4.389629e-07
H1-Error: 2.017209e-03
memtype: cuda
prec: mixprec
