maxIter:1
level-Grob:8
level-Fine:2
Time: 0.552916
DefTol: 1e-06
H0-Error: 6.878293e-06
H1-Error: 8.068795e-03
memtype: main
prec: mixprec
