maxIter:2
level-Grob:4
level-Fine:2
Total time: 0.007825
DefTol: 1e-05
H0-Error: 1.753175e-03
H1-Error: 1.289155e-01
memtype: cuda
prec: mixprec
