maxIter:1
level-Grob:10
level-Fine:9
Total time: 13482.3
DefTol: 1e-07
H0-Error: 2.786139e-06
H1-Error: 2.017238e-03
memtype: main
prec: mixprec
