maxIter:11
level-Grob:11
level-Fine:5
Total time: 33.7873
DefTol: 1e-06
H0-Error: 1.091978e-07
H1-Error: 1.008605e-03
memtype: main
prec: mixprec
