maxIter:4
level-Grob:8
level-Fine:5
Time: 3.00837
DefTol: 1e-07
H0-Error: 6.883288e-06
H1-Error: 8.068795e-03
memtype: cuda
prec: mixprec
