maxIter:3
level-Grob:11
level-Fine:4
Total time: 2.21757
DefTol: 1e-06
H0-Error: 1.511569e-07
H1-Error: 1.008605e-03
memtype: cuda
prec: mixprec
