maxIter:9
level-Grob:5
level-Fine:4
Time: 0.158401
DefTol: 1e-07
H0-Error: 4.391240e-04
H1-Error: 6.452751e-02
memtype: cuda
prec: mixprec
