maxIter:2
level-Grob:6
level-Fine:2
Total time: 0.020936
DefTol: 1e-05
H0-Error: 1.098193e-04
H1-Error: 3.227246e-02
memtype: cuda
prec: mixprec
