maxIter:8
level-Grob:10
level-Fine:8
Total time: 506.664
DefTol: 1e-06
H0-Error: 1.192912e-06
H1-Error: 2.017213e-03
memtype: main
prec: mixprec
