maxIter:1
level-Grob:10
level-Fine:3
Time: 19.9732
DefTol: 1e-08
H0-Error: 4.291435e-07
H1-Error: 2.017209e-03
memtype: cuda
prec: mixprec
