maxIter:4
level-Grob:7
level-Fine:4
Time: 0.300258
DefTol: 1e-08
H0-Error: 2.746114e-05
H1-Error: 1.613732e-02
memtype: main
prec: mixprec
