maxIter:6
level-Grob:9
level-Fine:7
Time: 183.138
DefTol: 1e-05
H0-Error: 8.332271e-06
H1-Error: 4.034531e-03
memtype: main
prec: mixprec
