maxIter:6
level-Grob:9
level-Fine:5
Time: 5.66277
DefTol: 1e-05
H0-Error: 2.477104e-06
H1-Error: 4.034417e-03
memtype: cuda
prec: mixprec
