maxIter:1
level-Grob:8
level-Fine:7
Total time: 52.2044
DefTol: 1e-05
H0-Error: 5.697942e-05
H1-Error: 8.071988e-03
memtype: main
prec: mixprec
