maxIter:1
level-Grob:6
level-Fine:2
Time: 0.020828
DefTol: 1e-06
H0-Error: 1.098603e-04
H1-Error: 3.227246e-02
memtype: main
prec: mixprec
