maxIter:8
level-Grob:10
level-Fine:2
Time: 9.51253
DefTol: 1e-06
H0-Error: 4.291191e-07
H1-Error: 2.017209e-03
memtype: main
prec: mixprec
