maxIter:2
level-Grob:10
level-Fine:6
Time: 756.597
DefTol: 1e-05
H0-Error: 5.555295e-06
H1-Error: 2.017342e-03
memtype: main
prec: mixprec
