maxIter:1
level-Grob:9
level-Fine:4
Total time: 7.80255
DefTol: 1e-08
H0-Error: 1.717432e-06
H1-Error: 4.034414e-03
memtype: main
prec: mixprec
