maxIter:3
level-Grob:6
level-Fine:5
Total time: 0.083251
DefTol: 1e-06
H0-Error: 1.100970e-04
H1-Error: 3.227246e-02
memtype: cuda
prec: mixprec
