maxIter:9
level-Grob:7
level-Fine:5
Total time: 0.068554
DefTol: 1e-08
H0-Error: 2.746125e-05
H1-Error: 1.613732e-02
memtype: cuda
prec: mixprec
