maxIter:1
level-Grob:10
level-Fine:9
Total time: 1383.06
DefTol: 1e-07
H0-Error: 1.790980e-06
H1-Error: 2.017219e-03
memtype: cuda
prec: mixprec
