maxIter:16
level-Grob:9
level-Fine:5
Total time: 0.206578
DefTol: 1e-06
H0-Error: 1.716483e-06
H1-Error: 4.034414e-03
memtype: cuda
prec: mixprec
