maxIter:4
level-Grob:10
level-Fine:5
Total time: 17.1461
DefTol: 1e-06
H0-Error: 7.270133e-07
H1-Error: 2.017210e-03
memtype: main
prec: mixprec
