maxIter:6
level-Grob:7
level-Fine:5
Total time: 0.131601
DefTol: 1e-06
H0-Error: 2.757878e-05
H1-Error: 1.613732e-02
memtype: main
prec: mixprec
