maxIter:5
level-Grob:6
level-Fine:5
Total time: 0.033791
DefTol: 1e-06
H0-Error: 1.099576e-04
H1-Error: 3.227246e-02
memtype: main
prec: mixprec
