maxIter:1
level-Grob:8
level-Fine:6
Total time: 17.4517
DefTol: 1e-06
H0-Error: 9.256402e-06
H1-Error: 8.068804e-03
memtype: main
prec: mixprec
