maxIter:4
level-Grob:9
level-Fine:8
Time: 456.284
DefTol: 1e-07
H0-Error: 1.960274e-06
H1-Error: 4.034415e-03
memtype: cuda
prec: mixprec
