maxIter:2
level-Grob:5
level-Fine:3
Total time: 0.00177
DefTol: 1e-06
H0-Error: 4.392067e-04
H1-Error: 6.452751e-02
memtype: main
prec: mixprec
