maxIter:7
level-Grob:8
level-Fine:7
Time: 43.0311
DefTol: 1e-07
H0-Error: 6.910417e-06
H1-Error: 8.068795e-03
memtype: main
prec: mixprec
