maxIter:1
level-Grob:7
level-Fine:6
Total time: 3.98178
DefTol: 1e-07
H0-Error: 2.767369e-05
H1-Error: 1.613732e-02
memtype: main
prec: mixprec
