maxIter:16
level-Grob:10
level-Fine:5
Time: 23.9766
DefTol: 1e-05
H0-Error: 4.323144e-07
H1-Error: 2.017209e-03
memtype: main
prec: mixprec
