maxIter:1
level-Grob:9
level-Fine:6
Total time: 62.6448
DefTol: 1e-05
H0-Error: 2.120642e-05
H1-Error: 4.035370e-03
memtype: main
prec: mixprec
