maxIter:16
level-Grob:10
level-Fine:3
Time: 19.2225
DefTol: 1e-05
H0-Error: 4.292317e-07
H1-Error: 2.017209e-03
memtype: main
prec: mixprec
