maxIter:4
level-Grob:11
level-Fine:3
Total time: 8.87012
DefTol: 1e-07
H0-Error: 1.073949e-07
H1-Error: 1.008605e-03
memtype: main
prec: mixprec
