maxIter:4
level-Grob:9
level-Fine:6
Total time: 1.17037
DefTol: 1e-05
H0-Error: 5.708574e-06
H1-Error: 4.034459e-03
memtype: cuda
prec: mixprec
