maxIter:2
level-Grob:8
level-Fine:7
Total time: 3.35701
DefTol: 1e-06
H0-Error: 8.798955e-06
H1-Error: 8.068801e-03
memtype: cuda
prec: mixprec
