maxIter:1
level-Grob:4
level-Fine:1
Total time: 0.007809
DefTol: 1e-05
H0-Error: 1.753297e-03
H1-Error: 1.289155e-01
memtype: cuda
prec: mixprec
