maxIter:10
level-Grob:11
level-Fine:3
Total time: 0.942068
DefTol: 1e-05
H0-Error: 1.124706e-07
H1-Error: 1.008605e-03
memtype: cuda
prec: mixprec
