maxIter:2
level-Grob:5
level-Fine:2
Time: 0.004847
DefTol: 1e-07
H0-Error: 4.391233e-04
H1-Error: 6.452751e-02
memtype: main
prec: mixprec
