maxIter:7
level-Grob:11
level-Fine:4
Total time: 17.0316
DefTol: 1e-07
H0-Error: 1.073934e-07
H1-Error: 1.008605e-03
memtype: main
prec: mixprec
