maxIter:1
level-Grob:10
level-Fine:3
Time: 16.7525
DefTol: 1e-06
H0-Error: 4.350431e-07
H1-Error: 2.017209e-03
memtype: cuda
prec: mixprec
