maxIter:8
level-Grob:7
level-Fine:3
Total time: 0.024628
DefTol: 1e-07
H0-Error: 2.746078e-05
H1-Error: 1.613732e-02
memtype: main
prec: mixprec
