maxIter:5
level-Grob:9
level-Fine:7
Time: 67.293
DefTol: 1e-05
H0-Error: 6.804109e-06
H1-Error: 4.034484e-03
memtype: cuda
prec: mixprec
