maxIter:20
level-Grob:11
level-Fine:5
Total time: 30.5779
DefTol: 1e-06
H0-Error: 1.074094e-07
H1-Error: 1.008605e-03
memtype: main
prec: mixprec
