maxIter:17
level-Grob:9
level-Fine:5
Total time: 0.999188
DefTol: 1e-05
H0-Error: 1.727722e-06
H1-Error: 4.034414e-03
memtype: main
prec: mixprec
