maxIter:7
level-Grob:9
level-Fine:8
Total time: 116.291
DefTol: 1e-06
H0-Error: 2.971808e-06
H1-Error: 4.034419e-03
memtype: main
prec: mixprec
