maxIter:2
level-Grob:11
level-Fine:3
Total time: 11.9992
DefTol: 1e-05
H0-Error: 1.797824e-07
H1-Error: 1.008605e-03
memtype: main
prec: mixprec
