maxIter:6
level-Grob:8
level-Fine:6
Total time: 1.87936
DefTol: 1e-05
H0-Error: 1.072163e-05
H1-Error: 8.068819e-03
memtype: main
prec: mixprec
