maxIter:12
level-Grob:9
level-Fine:5
Time: 10.0808
DefTol: 1e-08
H0-Error: 1.716432e-06
H1-Error: 4.034414e-03
memtype: main
prec: mixprec
