maxIter:2
level-Grob:8
level-Fine:3
Time: 0.807008
DefTol: 1e-06
H0-Error: 6.881002e-06
H1-Error: 8.068795e-03
memtype: main
prec: mixprec
