maxIter:3
level-Grob:7
level-Fine:6
Time: 2.50041
DefTol: 1e-05
H0-Error: 3.275948e-05
H1-Error: 1.613734e-02
memtype: cuda
prec: mixprec
