maxIter:1
level-Grob:8
level-Fine:7
Time: 263.022
DefTol: 1e-05
H0-Error: 5.521334e-05
H1-Error: 8.071771e-03
memtype: main
prec: mixprec
