maxIter:6
level-Grob:10
level-Fine:8
Total time: 654.812
DefTol: 1e-06
H0-Error: 2.025758e-06
H1-Error: 2.017223e-03
memtype: main
prec: mixprec
