maxIter:1
level-Grob:10
level-Fine:4
Time: 51.3445
DefTol: 1e-07
H0-Error: 4.368940e-07
H1-Error: 2.017209e-03
memtype: cuda
prec: mixprec
