maxIter:8
level-Grob:9
level-Fine:6
Total time: 6.25397
DefTol: 1e-05
H0-Error: 3.567911e-06
H1-Error: 4.034426e-03
memtype: main
prec: mixprec
