maxIter:6
level-Grob:10
level-Fine:5
Total time: 1.19668
DefTol: 1e-07
H0-Error: 4.374750e-07
H1-Error: 2.017209e-03
memtype: cuda
prec: mixprec
