maxIter:1
level-Grob:5
level-Fine:3
Time: 0.483804
DefTol: 1e-08
H0-Error: 4.391250e-04
H1-Error: 6.452751e-02
memtype: cuda
prec: mixprec
