maxIter:10
level-Grob:10
level-Fine:7
Total time: 150.37
DefTol: 1e-08
H0-Error: 4.307927e-07
H1-Error: 2.017209e-03
memtype: main
prec: mixprec
