maxIter:2
level-Grob:10
level-Fine:1
Time: 5.67836
DefTol: 1e-05
H0-Error: 4.290550e-07
H1-Error: 2.017209e-03
memtype: cuda
prec: mixprec
