maxIter:8
level-Grob:4
level-Fine:3
Total time: 0.00053
DefTol: 1e-08
H0-Error: 1.753315e-03
H1-Error: 1.289155e-01
memtype: main
prec: mixprec
