maxIter:4
level-Grob:9
level-Fine:8
Total time: 248.228
DefTol: 1e-07
H0-Error: 1.968948e-06
H1-Error: 4.034415e-03
memtype: main
prec: mixprec
