maxIter:7
level-Grob:9
level-Fine:7
Total time: 3.07348
DefTol: 1e-07
H0-Error: 1.764255e-06
H1-Error: 4.034414e-03
memtype: cuda
prec: mixprec
