maxIter:8
level-Grob:8
level-Fine:7
Time: 26.2569
DefTol: 1e-05
H0-Error: 1.068408e-05
H1-Error: 8.068818e-03
memtype: main
prec: mixprec
