maxIter:3
level-Grob:7
level-Fine:4
Total time: 0.07922
DefTol: 1e-07
H0-Error: 2.747061e-05
H1-Error: 1.613732e-02
memtype: cuda
prec: mixprec
