maxIter:9
level-Grob:6
level-Fine:4
Time: 0.029636
DefTol: 1e-07
H0-Error: 1.098307e-04
H1-Error: 3.227246e-02
memtype: main
prec: mixprec
