maxIter:5
level-Grob:10
level-Fine:3
Time: 7.01153
DefTol: 1e-07
H0-Error: 4.291686e-07
H1-Error: 2.017209e-03
memtype: cuda
prec: mixprec
