maxIter:2
level-Grob:10
level-Fine:3
Time: 21.7611
DefTol: 1e-07
H0-Error: 4.304227e-07
H1-Error: 2.017209e-03
memtype: main
prec: mixprec
