maxIter:2
level-Grob:10
level-Fine:8
Total time: 130.239
DefTol: 1e-06
H0-Error: 5.029671e-06
H1-Error: 2.017316e-03
memtype: cuda
prec: mixprec
