maxIter:12
level-Grob:9
level-Fine:5
Total time: 1.07204
DefTol: 1e-05
H0-Error: 1.805232e-06
H1-Error: 4.034414e-03
memtype: main
prec: mixprec
