maxIter:1
level-Grob:7
level-Fine:6
Time: 13.0785
DefTol: 1e-05
H0-Error: 5.097136e-05
H1-Error: 1.613772e-02
memtype: main
prec: mixprec
