maxIter:14
level-Grob:10
level-Fine:4
Total time: 3.68519
DefTol: 1e-07
H0-Error: 4.290977e-07
H1-Error: 2.017209e-03
memtype: main
prec: mixprec
