maxIter:1
level-Grob:7
level-Fine:6
Total time: 1.06329
DefTol: 1e-05
H0-Error: 5.095511e-05
H1-Error: 1.613772e-02
memtype: cuda
prec: mixprec
