maxIter:1
level-Grob:10
level-Fine:2
Total time: 2.48158
DefTol: 1e-07
H0-Error: 4.298192e-07
H1-Error: 2.017209e-03
memtype: main
prec: mixprec
