maxIter:3
level-Grob:10
level-Fine:5
Time: 150.292
DefTol: 1e-06
H0-Error: 5.649170e-07
H1-Error: 2.017209e-03
memtype: main
prec: mixprec
