maxIter:4
level-Grob:8
level-Fine:3
Total time: 0.07607
DefTol: 1e-05
H0-Error: 6.862390e-06
H1-Error: 8.068795e-03
memtype: main
prec: mixprec
