maxIter:2
level-Grob:10
level-Fine:5
Total time: 2.55818
DefTol: 1e-05
H0-Error: 1.508427e-06
H1-Error: 2.017216e-03
memtype: cuda
prec: mixprec
