maxIter:7
level-Grob:10
level-Fine:7
Total time: 151.369
DefTol: 1e-06
H0-Error: 9.605467e-07
H1-Error: 2.017211e-03
memtype: main
prec: mixprec
