maxIter:4
level-Grob:8
level-Fine:6
Total time: 0.620229
DefTol: 1e-07
H0-Error: 6.905542e-06
H1-Error: 8.068795e-03
memtype: cuda
prec: mixprec
