maxIter:9
level-Grob:9
level-Fine:8
Time: 419.088
DefTol: 1e-05
H0-Error: 9.607886e-06
H1-Error: 4.034577e-03
memtype: main
prec: mixprec
