maxIter:4
level-Grob:7
level-Fine:1
Time: 0.598756
DefTol: 1e-05
H0-Error: 2.746076e-05
H1-Error: 1.613732e-02
memtype: cuda
prec: mixprec
