maxIter:18
level-Grob:10
level-Fine:5
Time: 11.1725
DefTol: 1e-05
H0-Error: 4.303212e-07
H1-Error: 2.017209e-03
memtype: cuda
prec: mixprec
