maxIter:1
level-Grob:10
level-Fine:2
Time: 7.276
DefTol: 1e-05
H0-Error: 5.038963e-07
H1-Error: 2.017209e-03
memtype: cuda
prec: mixprec
