maxIter:7
level-Grob:7
level-Fine:6
Time: 1.54143
DefTol: 1e-07
H0-Error: 2.748308e-05
H1-Error: 1.613732e-02
memtype: cuda
prec: mixprec
