maxIter:7
level-Grob:9
level-Fine:5
Time: 14.6876
DefTol: 1e-06
H0-Error: 1.751434e-06
H1-Error: 4.034414e-03
memtype: main
prec: mixprec
