maxIter:2
level-Grob:11
level-Fine:3
Total time: 1.13956
DefTol: 1e-05
H0-Error: 2.318112e-07
H1-Error: 1.008605e-03
memtype: cuda
prec: mixprec
