maxIter:1
level-Grob:10
level-Fine:2
Time: 10.4447
DefTol: 1e-05
H0-Error: 5.038859e-07
H1-Error: 2.017209e-03
memtype: main
prec: mixprec
