maxIter:12
level-Grob:9
level-Fine:3
Time: 3.10615
DefTol: 1e-05
H0-Error: 1.716360e-06
H1-Error: 4.034414e-03
memtype: main
prec: mixprec
