maxIter:4
level-Grob:11
level-Fine:4
Total time: 2.31201
DefTol: 1e-08
H0-Error: 1.074690e-07
H1-Error: 1.008605e-03
memtype: cuda
prec: mixprec
