maxIter:9
level-Grob:9
level-Fine:6
Total time: 6.66568
DefTol: 1e-06
H0-Error: 1.848929e-06
H1-Error: 4.034414e-03
memtype: main
prec: mixprec
