maxIter:3
level-Grob:8
level-Fine:5
Total time: 0.244211
DefTol: 1e-06
H0-Error: 7.179547e-06
H1-Error: 8.068795e-03
memtype: cuda
prec: mixprec
