maxIter:11
level-Grob:10
level-Fine:2
Time: 17.0307
DefTol: 1e-08
H0-Error: 4.290881e-07
H1-Error: 2.017209e-03
memtype: main
prec: mixprec
