maxIter:2
level-Grob:9
level-Fine:8
Total time: 436.083
DefTol: 1e-06
H0-Error: 6.754546e-06
H1-Error: 4.034482e-03
memtype: main
prec: mixprec
