maxIter:10
level-Grob:11
level-Fine:2
Total time: 11.7913
DefTol: 1e-07
H0-Error: 1.073092e-07
H1-Error: 1.008605e-03
memtype: main
prec: mixprec
