maxIter:6
level-Grob:10
level-Fine:6
Time: 97.5808
DefTol: 1e-08
H0-Error: 4.314203e-07
H1-Error: 2.017209e-03
memtype: cuda
prec: mixprec
